 5.0957698E+21  1.6605387E+03
 5.0970626E+21  1.8207445E+03
 5.0985893E+21  1.9964066E+03
 5.1003915E+21  2.1890163E+03
 5.1025238E+21  2.4002087E+03
 5.1050437E+21  2.6317765E+03
 5.1080251E+21  2.8856855E+03
 5.1115527E+21  3.1640913E+03
 5.1157275E+21  3.4693571E+03
 5.1206664E+21  3.8040744E+03
 5.1265041E+21  4.1710846E+03
 5.1333959E+21  4.5735033E+03
 5.1415277E+21  5.0147467E+03
 5.1511060E+21  5.4985604E+03
 5.1623665E+21  6.0290516E+03
 5.1755798E+21  6.6107236E+03
 5.1910407E+21  7.2485143E+03
 5.2090856E+21  7.9478379E+03
 5.2300766E+21  8.7146309E+03
 5.2544126E+21  9.5554028E+03
 5.2825229E+21  1.0477291E+04
 5.3148705E+21  1.1488121E+04
 5.3519504E+21  1.2596474E+04
 5.3942816E+21  1.3811759E+04
 5.4424265E+21  1.5144293E+04
 5.4969698E+21  1.6605387E+04
 5.5585395E+21  1.8207445E+04
 5.6278036E+21  1.9964066E+04
 5.7054797E+21  2.1890163E+04
 5.7923354E+21  2.4002087E+04
 5.8892035E+21  2.6317765E+04
 5.9969925E+21  2.8856855E+04
 6.1166875E+21  3.1640913E+04
 6.2493668E+21  3.4693571E+04
 6.3962189E+21  3.8040744E+04
 6.5585431E+21  4.1710846E+04
 6.7377749E+21  4.5735033E+04
 6.9354921E+21  5.0147467E+04
 7.1534362E+21  5.4985604E+04
 7.3935296E+21  6.0290516E+04
 7.6578916E+21  6.6107236E+04
 7.9488645E+21  7.2485143E+04
 8.2690338E+21  7.9478379E+04
 8.6212607E+21  8.7146309E+04
 9.0087012E+21  9.5554028E+04
 9.4348540E+21  1.0477291E+05
 9.9035864E+21  1.1488121E+05
 1.0419179E+22  1.2596474E+05
 1.0986378E+22  1.3811759E+05
 1.1610449E+22  1.5144293E+05
 1.2297226E+22  1.6605387E+05
 1.3053197E+22  1.8207445E+05
 1.3885570E+22  1.9964066E+05
 1.4802368E+22  2.1890163E+05
 1.5812528E+22  2.4002087E+05
 1.6926011E+22  2.6317765E+05
 1.8153944E+22  2.8856855E+05
 1.9508756E+22  3.1640913E+05
 2.1004351E+22  3.4693571E+05
 2.2656333E+22  3.8040744E+05
 2.4482181E+22  4.1710846E+05
 2.6501518E+22  4.5735033E+05
 2.8736436E+22  5.0147467E+05
 3.1211830E+22  5.4985604E+05
 3.3955672E+22  6.0290516E+05
 3.6999632E+22  6.6107236E+05
 4.0379483E+22  7.2485143E+05
 4.4135645E+22  7.9478379E+05
 4.8313933E+22  8.7146309E+05
 5.2966237E+22  9.5554028E+05
 5.8151495E+22  1.0477291E+06
 6.3936557E+22  1.1488121E+06
 7.0397391E+22  1.2596474E+06
 7.7620392E+22  1.3811759E+06
 8.5703812E+22  1.5144293E+06
 9.4759421E+22  1.6605387E+06
 1.0491450E+23  1.8207445E+06
 1.1631393E+23  1.9964066E+06
 1.2912259E+23  2.1890163E+06
 1.4352835E+23  2.4002087E+06
 1.5974495E+23  2.6317765E+06
 1.7801584E+23  2.8856855E+06
 1.9861788E+23  3.1640913E+06
 2.2186627E+23  3.4693571E+06
 2.4811968E+23  3.8040744E+06
 2.7778504E+23  4.1710846E+06
 3.1132643E+23  4.5735033E+06
 3.4926980E+23  5.0147467E+06
 3.9221285E+23  5.4985604E+06
 4.4083436E+23  6.0290516E+06
 4.9590439E+23  6.6107236E+06
 5.5829700E+23  7.2485143E+06
 6.2900303E+23  7.9478379E+06
 7.0914565E+23  8.7146309E+06
 7.9999827E+23  9.5554028E+06
 9.0300335E+23  1.0477291E+07
 1.0196024E+24  1.1488121E+07
 1.1510990E+24  1.2596474E+07
 1.3000722E+24  1.3811759E+07
 1.4688429E+24  1.5144293E+07
 1.6600341E+24  1.6605387E+07
 1.8766164E+24  1.8207445E+07
 2.1219419E+24  1.9964066E+07
 2.3998056E+24  2.1890163E+07
 2.7144961E+24  2.4002087E+07
 3.0708626E+24  2.6317765E+07
 3.4743856E+24  2.8856855E+07
 3.9312567E+24  3.1640913E+07
 4.4484785E+24  3.4693571E+07
 5.0339614E+24  3.8040744E+07
 5.6966495E+24  4.1710846E+07
 6.4466466E+24  4.5735033E+07
 7.2953718E+24  5.0147467E+07
 8.2557276E+24  5.4985604E+07
 9.3422905E+24  6.0290516E+07
 1.0571534E+25  6.6107236E+07
 1.1962067E+25  7.2485143E+07
 1.3534917E+25  7.9478379E+07
 1.5313829E+25  8.7146309E+07
 1.7325646E+25  9.5554028E+07
 1.9600630E+25  1.0477291E+08
 2.2174211E+25  1.1488121E+08
 2.5084533E+25  1.2596474E+08
 2.8372638E+25  1.3811759E+08
 3.2086714E+25  1.5144293E+08
 3.6280927E+25  1.6605387E+08
 4.1016166E+25  1.8207445E+08
 4.6360791E+25  1.9964066E+08
 5.2391504E+25  2.1890163E+08
 5.9194333E+25  2.4002087E+08
 6.6865718E+25  2.6317765E+08
 7.5513618E+25  2.8856855E+08
 8.5258889E+25  3.1640913E+08
 9.6236674E+25  3.4693571E+08
 1.0859803E+26  3.8040744E+08
 1.2251159E+26  4.1710846E+08
 1.3828919E+26  4.5735033E+08
 1.5616921E+26  5.0147467E+08
 1.7634383E+26  5.4985604E+08
 1.9910569E+26  6.0290516E+08
 2.2478367E+26  6.6107236E+08
 2.5374879E+26  7.2485143E+08
 2.8641854E+26  7.9478379E+08
 3.2326309E+26  8.7146309E+08
 3.6481128E+26  9.5554028E+08
 4.1165857E+26  1.0477291E+09
 4.6447395E+26  1.1488121E+09
 5.2400939E+26  1.2596474E+09
 5.9110980E+26  1.3811759E+09
 6.6570517E+26  1.5144293E+09
 7.4883920E+26  1.6605387E+09
 8.4179749E+26  1.8207445E+09
 9.4549784E+26  1.9964066E+09
 1.0607694E+27  2.1890163E+09
 1.1874779E+27  2.4002087E+09
 1.3273850E+27  2.6317765E+09
 1.4868556E+27  2.8856855E+09
 1.6683292E+27  3.1640913E+09
 1.8820200E+27  3.4693571E+09
 2.1240293E+27  3.8040744E+09
 2.3969781E+27  4.1710846E+09
 2.7047896E+27  4.5735033E+09
 3.0518757E+27  5.0147467E+09
 3.4432026E+27  5.4985604E+09
 3.8843598E+27  6.0290516E+09
 4.3816334E+27  6.6107236E+09
 4.9420979E+27  7.2485143E+09
 5.5737056E+27  7.9478379E+09
 6.2854021E+27  8.7146309E+09
 7.0872400E+27  9.5554028E+09
 7.9906815E+27  1.0477315E+10
 9.0095679E+27  1.1488147E+10
 1.0157295E+28  1.2596503E+10
 1.1449987E+28  1.3811791E+10
 1.2905749E+28  1.5144328E+10
 1.4544922E+28  1.6605425E+10
 1.6390334E+28  1.8207487E+10
 1.8467616E+28  1.9964112E+10
 2.0805542E+28  2.1890214E+10
 2.3436379E+28  2.4002142E+10
 2.6158209E+28  2.6317825E+10
 2.8930294E+28  2.8856922E+10
 3.2473421E+28  3.1640985E+10
 3.6441127E+28  3.4693651E+10
 4.0881903E+28  3.8040831E+10
 4.5850153E+28  4.1710942E+10
 5.0614629E+28  4.5735139E+10
 5.6321194E+28  5.0147582E+10
 6.3504401E+28  5.4985731E+10
 7.1585354E+28  6.0290655E+10
 8.0674750E+28  6.6107388E+10
 9.0896375E+28  7.2485310E+10
 1.0238800E+29  7.9478562E+10
 1.1530232E+29  8.7146510E+10
 1.2980830E+29  9.5554248E+10
 1.4609208E+29  1.0477315E+11
 1.6435495E+29  1.1488147E+11
 1.8479278E+29  1.2596503E+11
 1.9919316E+29  1.3811791E+11
 2.2262978E+29  1.5144328E+11
 2.4911949E+29  1.6605425E+11
 2.7885149E+29  1.8207487E+11
 3.1209219E+29  1.9964112E+11
 3.4925939E+29  2.1890214E+11
 3.9069672E+29  2.4002142E+11
 4.3686732E+29  2.6317825E+11
 4.8873432E+29  2.8856922E+11
 5.4676308E+29  3.1640985E+11
 6.1142781E+29  3.4693651E+11
 6.8344268E+29  3.8040831E+11
 7.4244834E+29  4.1710942E+11
 8.0117670E+29  4.5735139E+11
 8.4796055E+29  5.0147582E+11
 8.9000856E+29  5.4985731E+11
 9.3088215E+29  6.0290655E+11
 9.7285535E+29  6.6107388E+11
 1.0169595E+30  7.2485310E+11
 1.0615874E+30  7.9478562E+11
 1.1071050E+30  8.7146510E+11
 1.1625224E+30  9.5554248E+11
 1.2265444E+30  1.0477315E+12
 1.2979571E+30  1.1488147E+12
 1.3776851E+30  1.2596503E+12
 1.4668852E+30  1.3811791E+12
 1.5667160E+30  1.5144328E+12
 1.6782632E+30  1.6605425E+12
 1.8024422E+30  1.8207487E+12
 1.9420053E+30  1.9964112E+12
 2.0996164E+30  2.1890214E+12
 2.2730634E+30  2.4002142E+12
 2.4691418E+30  2.6317825E+12
 2.6825746E+30  2.8856922E+12
 2.9250710E+30  3.1640985E+12
 3.1957529E+30  3.4693651E+12
 3.5050078E+30  3.8040831E+12
 3.8415928E+30  4.1710942E+12
 4.2248601E+30  4.5735139E+12
 4.6476087E+30  5.0147582E+12
 5.1072801E+30  5.4985731E+12
 5.6327217E+30  6.0290655E+12
 6.2095923E+30  6.6107388E+12
 6.8369211E+30  7.2485310E+12
 7.5305118E+30  7.9478562E+12
 8.3168423E+30  8.7146510E+12
 9.1748607E+30  9.5554248E+12
 1.0110845E+31  1.0477315E+13
 1.1132652E+31  1.1488147E+13
 1.2305710E+31  1.2596503E+13
 1.3622069E+31  1.3811791E+13
 1.5088163E+31  1.5144328E+13
 1.6734027E+31  1.6605425E+13
 1.8600806E+31  1.8207487E+13
 2.0744955E+31  1.9964112E+13
 2.3271565E+31  2.1890214E+13
 2.6363505E+31  2.4002142E+13
 3.0079088E+31  2.6317825E+13
 3.4608423E+31  2.8856922E+13
 4.0203295E+31  3.1640985E+13
 4.7194247E+31  3.4693651E+13
 5.6011159E+31  3.8040831E+13
 6.7207761E+31  4.1710942E+13
 8.1489927E+31  4.5735139E+13
 9.9747873E+31  5.0147582E+13
 1.2309217E+32  5.4985731E+13
 1.5289272E+32  6.0290655E+13
 1.9082047E+32  6.6107388E+13
 2.2433239E+32  7.2485310E+13
 2.7105472E+32  7.9478562E+13
 3.3773524E+32  8.7146510E+13
 4.2010944E+32  9.5554248E+13
 5.1980943E+32  1.0477315E+14
 6.4086921E+32  1.1488147E+14
 7.8701774E+32  1.2596503E+14
 9.6228808E+32  1.3811791E+14
 1.1715905E+33  1.5144328E+14
 1.4227381E+33  1.6605425E+14
 1.7259163E+33  1.8207487E+14
 2.0961866E+33  1.9964112E+14
 2.5565020E+33  2.1890214E+14
 3.1410959E+33  2.4002142E+14
 3.9017879E+33  2.6317825E+14
 4.9123520E+33  2.8856922E+14
 6.2772175E+33  3.1640985E+14
 8.1398549E+33  3.4693651E+14
 1.0690830E+34  3.8040831E+14
 1.4176106E+34  4.1710942E+14
 1.8906259E+34  4.5735139E+14
 2.5268795E+34  5.0147582E+14
 3.3747059E+34  5.4985731E+14
 4.4949493E+34  6.0290655E+14
 5.9655116E+34  6.6107388E+14
 7.8870273E+34  7.2485310E+14
 1.0390333E+35  7.9478562E+14
 1.3643052E+35  8.7146510E+14
 1.7851150E+35  9.5554248E+14
 2.3253078E+35  1.0477315E+15
 3.0114300E+35  1.1488147E+15
 3.8737241E+35  1.2596503E+15
 4.9490634E+35  1.3811791E+15
 6.2852275E+35  1.5144328E+15
 7.9447730E+35  1.6605425E+15
 1.0010366E+36  1.8207487E+15
 1.2594546E+36  1.9964112E+15
 1.5855885E+36  2.1890214E+15
 2.0033811E+36  2.4002142E+15
 2.5530641E+36  2.6317825E+15
 3.3164059E+36  2.8856922E+15
 4.5552694E+36  3.1640985E+15
