# HS equation of state (sfho)
# Beta-equilibrium 
# temperature T = 0.1 MeV
#
# 1: pressure[MeV/fm3], 
# 2: log10(rho[cgs])
# 3: Y_e
# 4: internal energy [MeV/baryon]
# 5: muhat [MeV]
# 6: sound velocity [?cm/s]
# 7: specific entropy [kB/baryon]
# 8: mass fraction of neutrons: Xn
# 9: mass fraction of protons: Xp
# 10: mass fraction of deuterons: Xd
# 11: mass fraction of tritons: Xt
# 12: mass fraction of helions: Xh
# 13: mass fraction of alphas" Xalp
# 14: mass fraction of heavy nuclei XA
# 15: average atomic mass of heavy nuclei: A
# 16: average charge of heavy nuclei: Z
#
# ...Loading EOS-table from eos/eos_sfho.txt...
#  nrho, ntemp, nye, nvars = 326 81 60 14
# ...Done reading EOS file...
#
3.180880E-12 3.220249E+00 4.621119E-01 9.409910E+02 5.131749E-01 7.512919E-02 1.403209E+02 1.000000E-24 1.000000E-24 1.000000E-24 1.000000E-24 1.000000E-24 8.664473E-22 1.000000E+00 5.680334E+01 2.624687E+01
3.181687E-12 3.260249E+00 4.621093E-01 9.400441E+02 5.133123E-01 7.180212E-02 1.280536E+02 1.000000E-24 1.000000E-24 1.000000E-24 1.000000E-24 1.000000E-24 7.942884E-22 1.000000E+00 5.680641E+01 2.624814E+01
3.182640E-12 3.300249E+00 4.621067E-01 9.391810E+02 5.134584E-01 6.862435E-02 1.168689E+02 1.000000E-24 1.000000E-24 1.000000E-24 1.000000E-24 1.000000E-24 7.281099E-22 1.000000E+00 5.680949E+01 2.624942E+01
3.183765E-12 3.340249E+00 4.621040E-01 9.383943E+02 5.136137E-01 6.558477E-02 1.066718E+02 1.000000E-24 1.000000E-24 1.000000E-24 1.000000E-24 1.000000E-24 6.674191E-22 1.000000E+00 5.681259E+01 2.625070E+01
3.185096E-12 3.380249E+00 4.621013E-01 9.376773E+02 5.137787E-01 6.267955E-02 9.737581E+01 1.000000E-24 1.000000E-24 1.000000E-24 1.000000E-24 1.000000E-24 6.117602E-22 1.000000E+00 5.681571E+01 2.625198E+01
3.186669E-12 3.420249E+00 4.620985E-01 9.370238E+02 5.139542E-01 5.990310E-02 8.890188E+01 1.000000E-24 1.000000E-24 1.000000E-24 1.000000E-24 1.000000E-24 5.607190E-22 1.000000E+00 5.681884E+01 2.625328E+01
3.188530E-12 3.460249E+00 4.620957E-01 9.364283E+02 5.141407E-01 5.725046E-02 8.117806E+01 1.000000E-24 1.000000E-24 1.000000E-24 1.000000E-24 1.000000E-24 5.139124E-22 1.000000E+00 5.682199E+01 2.625457E+01
3.190732E-12 3.500249E+00 4.620929E-01 9.358860E+02 5.143389E-01 5.471675E-02 7.413871E+01 1.000000E-24 1.000000E-24 1.000000E-24 1.000000E-24 1.000000E-24 4.709901E-22 1.000000E+00 5.682517E+01 2.625588E+01
3.193338E-12 3.540249E+00 4.620900E-01 9.353919E+02 5.145496E-01 5.229727E-02 6.772397E+01 1.000000E-24 1.000000E-24 1.000000E-24 1.000000E-24 1.000000E-24 4.316319E-22 1.000000E+00 5.682836E+01 2.625720E+01
3.196421E-12 3.580249E+00 4.620871E-01 9.349419E+02 5.147735E-01 4.998763E-02 6.187927E+01 1.000000E-24 1.000000E-24 1.000000E-24 1.000000E-24 1.000000E-24 3.955415E-22 1.000000E+00 5.683158E+01 2.625852E+01
3.200065E-12 3.620249E+00 4.620841E-01 9.345324E+02 5.150116E-01 4.778337E-02 5.655483E+01 1.000000E-24 1.000000E-24 1.000000E-24 1.000000E-24 1.000000E-24 3.624491E-22 1.000000E+00 5.683481E+01 2.625984E+01
3.204367E-12 3.660249E+00 4.620811E-01 9.341595E+02 5.152645E-01 4.568043E-02 5.170525E+01 1.000000E-24 1.000000E-24 1.000000E-24 1.000000E-24 1.000000E-24 3.321069E-22 1.000000E+00 5.683807E+01 2.626118E+01
3.209443E-12 3.700249E+00 4.620780E-01 9.338203E+02 5.155334E-01 4.367485E-02 4.728909E+01 1.000000E-24 1.000000E-24 1.000000E-24 1.000000E-24 1.000000E-24 3.042863E-22 1.000000E+00 5.684135E+01 2.626252E+01
3.215422E-12 3.740249E+00 4.620748E-01 9.335119E+02 5.158191E-01 4.176276E-02 4.326854E+01 1.000000E-24 1.000000E-24 1.000000E-24 1.000000E-24 1.000000E-24 2.787789E-22 1.000000E+00 5.684466E+01 2.626387E+01
3.222451E-12 3.780249E+00 4.620716E-01 9.332314E+02 5.161227E-01 3.994047E-02 3.960908E+01 1.000000E-24 1.000000E-24 1.000000E-24 1.000000E-24 1.000000E-24 2.553936E-22 1.000000E+00 5.684799E+01 2.626522E+01
3.230699E-12 3.820249E+00 4.620683E-01 9.329767E+02 5.164454E-01 3.820443E-02 3.627914E+01 1.000000E-24 1.000000E-24 1.000000E-24 1.000000E-24 1.000000E-24 2.339539E-22 1.000000E+00 5.685135E+01 2.626658E+01
3.240350E-12 3.860249E+00 4.620649E-01 9.327452E+02 5.167883E-01 3.655117E-02 3.324988E+01 1.000000E-24 1.000000E-24 1.000000E-24 1.000000E-24 1.000000E-24 2.142990E-22 1.000000E+00 5.685473E+01 2.626796E+01
3.251614E-12 3.900249E+00 4.620615E-01 9.325352E+02 5.171526E-01 3.497731E-02 3.049489E+01 1.000000E-24 1.000000E-24 1.000000E-24 1.000000E-24 1.000000E-24 1.962806E-22 1.000000E+00 5.685815E+01 2.626935E+01
3.264717E-12 3.940249E+00 4.620580E-01 9.323446E+02 5.175398E-01 3.347965E-02 2.799000E+01 1.000000E-24 1.000000E-24 1.000000E-24 1.000000E-24 1.000000E-24 1.797636E-22 1.000000E+00 5.686159E+01 2.627074E+01
3.279908E-12 3.980249E+00 4.620543E-01 9.321718E+02 5.179511E-01 3.205494E-02 2.571305E+01 1.000000E-24 1.000000E-24 1.000000E-24 1.000000E-24 1.000000E-24 1.646231E-22 1.000000E+00 5.686506E+01 2.627213E+01
3.297455E-12 4.020249E+00 4.620506E-01 9.320151E+02 5.183881E-01 3.070022E-02 2.364372E+01 1.000000E-24 1.000000E-24 1.000000E-24 1.000000E-24 1.000000E-24 1.507448E-22 1.000000E+00 5.686856E+01 2.627354E+01
3.317647E-12 4.060249E+00 4.620468E-01 9.318732E+02 5.188524E-01 2.941237E-02 2.176335E+01 1.000000E-24 1.000000E-24 1.000000E-24 1.000000E-24 1.000000E-24 1.380244E-22 1.000000E+00 5.687210E+01 2.627496E+01
3.340793E-12 4.100249E+00 4.620429E-01 9.317446E+02 5.193456E-01 2.818865E-02 2.005483E+01 1.000000E-24 1.000000E-24 1.000000E-24 1.000000E-24 1.000000E-24 1.263657E-22 1.000000E+00 5.687566E+01 2.627639E+01
3.367217E-12 4.140249E+00 4.620388E-01 9.316283E+02 5.198695E-01 2.702616E-02 1.850246E+01 1.000000E-24 1.000000E-24 1.000000E-24 1.000000E-24 1.000000E-24 1.156806E-22 1.000000E+00 5.687926E+01 2.627782E+01
3.397270E-12 4.180249E+00 4.620347E-01 9.315230E+02 5.204260E-01 2.592240E-02 1.709185E+01 1.000000E-24 1.000000E-24 1.000000E-24 1.000000E-24 1.000000E-24 1.058881E-22 1.000000E+00 5.688291E+01 2.627927E+01
3.431317E-12 4.220249E+00 4.620304E-01 9.314277E+02 5.210172E-01 2.487475E-02 1.580982E+01 1.000000E-24 1.000000E-24 1.000000E-24 1.000000E-24 1.000000E-24 9.691410E-23 1.000000E+00 5.688659E+01 2.628073E+01
3.469750E-12 4.260249E+00 4.620260E-01 9.313415E+02 5.216450E-01 2.388093E-02 1.464432E+01 1.000000E-24 1.000000E-24 1.000000E-24 1.000000E-24 1.000000E-24 8.869084E-23 1.000000E+00 5.689031E+01 2.628220E+01
3.512986E-12 4.300249E+00 4.620214E-01 9.312635E+02 5.223117E-01 2.293861E-02 1.358438E+01 1.000000E-24 1.000000E-24 1.000000E-24 1.000000E-24 1.000000E-24 8.115577E-23 1.000000E+00 5.689407E+01 2.628369E+01
3.561473E-12 4.340249E+00 4.620167E-01 9.311930E+02 5.230197E-01 2.204567E-02 1.261995E+01 1.000000E-24 1.000000E-24 1.000000E-24 1.000000E-24 1.000000E-24 7.425165E-23 1.000000E+00 5.689787E+01 2.628518E+01
3.615690E-12 4.380249E+00 4.620119E-01 9.311291E+02 5.237715E-01 2.120009E-02 1.174194E+01 1.000000E-24 1.000000E-24 1.000000E-24 1.000000E-24 1.000000E-24 6.792609E-23 1.000000E+00 5.690172E+01 2.628668E+01
3.676157E-12 4.420249E+00 4.620068E-01 9.310713E+02 5.245697E-01 2.039995E-02 1.094209E+01 1.000000E-24 1.000000E-24 1.000000E-24 1.000000E-24 1.000000E-24 6.213095E-23 1.000000E+00 5.690562E+01 2.628820E+01
3.743441E-12 4.460249E+00 4.620016E-01 9.310190E+02 5.254171E-01 1.964330E-02 1.021290E+01 1.000000E-24 1.000000E-24 1.000000E-24 1.000000E-24 1.000000E-24 5.682215E-23 1.000000E+00 5.690957E+01 2.628973E+01
3.818157E-12 4.500249E+00 4.619962E-01 9.309716E+02 5.263167E-01 1.892844E-02 9.547612E+00 1.000000E-24 1.000000E-24 1.000000E-24 1.000000E-24 1.000000E-24 5.195918E-23 1.000000E+00 5.691357E+01 2.629127E+01
3.900978E-12 4.540249E+00 4.619906E-01 9.309286E+02 5.272716E-01 1.825352E-02 8.940099E+00 1.000000E-24 1.000000E-24 1.000000E-24 1.000000E-24 1.000000E-24 4.750485E-23 1.000000E+00 5.691763E+01 2.629284E+01
3.992646E-12 4.580249E+00 4.619848E-01 9.308897E+02 5.282850E-01 1.761690E-02 8.384838E+00 1.000000E-24 1.000000E-24 1.000000E-24 1.000000E-24 1.000000E-24 4.342517E-23 1.000000E+00 5.692174E+01 2.629440E+01
4.093972E-12 4.620249E+00 4.619788E-01 9.308544E+02 5.293604E-01 1.701686E-02 7.876842E+00 1.000000E-24 1.000000E-24 1.000000E-24 1.000000E-24 1.000000E-24 3.968895E-23 1.000000E+00 5.692591E+01 2.629599E+01
4.205852E-12 4.660249E+00 4.619725E-01 9.308224E+02 5.305015E-01 1.645181E-02 7.411618E+00 1.000000E-24 1.000000E-24 1.000000E-24 1.000000E-24 1.000000E-24 3.626756E-23 1.000000E+00 5.693015E+01 2.629760E+01
4.329271E-12 4.700249E+00 4.619659E-01 9.307934E+02 5.317122E-01 1.592013E-02 6.985111E+00 1.000000E-24 1.000000E-24 1.000000E-24 1.000000E-24 1.000000E-24 3.313471E-23 1.000000E+00 5.693445E+01 2.629922E+01
4.465316E-12 4.740249E+00 4.619591E-01 9.307671E+02 5.329966E-01 1.542031E-02 6.593666E+00 1.000000E-24 1.000000E-24 1.000000E-24 1.000000E-24 1.000000E-24 3.026632E-23 1.000000E+00 5.693882E+01 2.630086E+01
4.615187E-12 4.780249E+00 4.619520E-01 9.307432E+02 5.343588E-01 1.495082E-02 6.233987E+00 1.000000E-24 1.000000E-24 1.000000E-24 1.000000E-24 1.000000E-24 2.764038E-23 1.000000E+00 5.694325E+01 2.630250E+01
4.780207E-12 4.820249E+00 4.619447E-01 9.307214E+02 5.358035E-01 1.451027E-02 5.903101E+00 1.000000E-24 1.000000E-24 1.000000E-24 1.000000E-24 1.000000E-24 2.523658E-23 1.000000E+00 5.694777E+01 2.630418E+01
4.961838E-12 4.860249E+00 4.619369E-01 9.307017E+02 5.373354E-01 1.409727E-02 5.598322E+00 1.000000E-24 1.000000E-24 1.000000E-24 1.000000E-24 1.000000E-24 2.303636E-23 1.000000E+00 5.695236E+01 2.630587E+01
5.161694E-12 4.900249E+00 4.619289E-01 9.306838E+02 5.389595E-01 1.371050E-02 5.317231E+00 1.000000E-24 1.000000E-24 1.000000E-24 1.000000E-24 1.000000E-24 2.102271E-23 1.000000E+00 5.695704E+01 2.630758E+01
5.381561E-12 4.940249E+00 4.619205E-01 9.306675E+02 5.406810E-01 1.334872E-02 5.057637E+00 1.000000E-24 1.000000E-24 1.000000E-24 1.000000E-24 1.000000E-24 1.918007E-23 1.000000E+00 5.696180E+01 2.630930E+01
5.623409E-12 4.980249E+00 4.619117E-01 9.306528E+02 5.425056E-01 1.301072E-02 4.817564E+00 1.000000E-24 1.000000E-24 1.000000E-24 1.000000E-24 1.000000E-24 1.749405E-23 1.000000E+00 5.696665E+01 2.631105E+01
5.889422E-12 5.020249E+00 4.619025E-01 9.306393E+02 5.444389E-01 1.269536E-02 4.595225E+00 1.000000E-24 1.000000E-24 1.000000E-24 1.000000E-24 1.000000E-24 1.595161E-23 1.000000E+00 5.697160E+01 2.631282E+01
6.182014E-12 5.060249E+00 4.618930E-01 9.306271E+02 5.464871E-01 1.240156E-02 4.389001E+00 1.000000E-24 1.000000E-24 1.000000E-24 1.000000E-24 1.000000E-24 1.454069E-23 1.000000E+00 5.697664E+01 2.631461E+01
6.503857E-12 5.100249E+00 4.618829E-01 9.306160E+02 5.486566E-01 1.212826E-02 4.197433E+00 1.000000E-24 1.000000E-24 1.000000E-24 1.000000E-24 1.000000E-24 1.325024E-23 1.000000E+00 5.698178E+01 2.631642E+01
6.857914E-12 5.140249E+00 4.618724E-01 9.306059E+02 5.509540E-01 1.187448E-02 4.019194E+00 1.000000E-24 1.000000E-24 1.000000E-24 1.000000E-24 1.000000E-24 1.207021E-23 1.000000E+00 5.698704E+01 2.631826E+01
7.247471E-12 5.180249E+00 4.618614E-01 9.305967E+02 5.533864E-01 1.163927E-02 3.853085E+00 1.000000E-24 1.000000E-24 1.000000E-24 1.000000E-24 1.000000E-24 1.099127E-23 1.000000E+00 5.699241E+01 2.632013E+01
7.676171E-12 5.220249E+00 4.618499E-01 9.305884E+02 5.559611E-01 1.142168E-02 3.698021E+00 1.000000E-24 1.000000E-24 1.000000E-24 1.000000E-24 1.000000E-24 1.000494E-23 1.000000E+00 5.699790E+01 2.632202E+01
8.148063E-12 5.260249E+00 4.618378E-01 9.305808E+02 5.586857E-01 1.122086E-02 3.553018E+00 1.000000E-24 1.000000E-24 1.000000E-24 1.000000E-24 1.000000E-24 9.169192E-24 1.000000E+00 5.700352E+01 2.632394E+01
8.667647E-12 5.300249E+00 4.618252E-01 9.305740E+02 5.615683E-01 1.103597E-02 3.417184E+00 1.000000E-24 1.000000E-24 1.000000E-24 1.000000E-24 1.000000E-24 8.408531E-24 1.000000E+00 5.700926E+01 2.632588E+01
9.239930E-12 5.340249E+00 4.618119E-01 9.305678E+02 5.646171E-01 1.086618E-02 3.289711E+00 1.000000E-24 1.000000E-24 1.000000E-24 1.000000E-24 1.000000E-24 7.713993E-24 1.000000E+00 5.701514E+01 2.632784E+01
9.870492E-12 5.380249E+00 4.617980E-01 9.305622E+02 5.678410E-01 1.071076E-02 3.169866E+00 1.000000E-24 1.000000E-24 1.000000E-24 1.000000E-24 1.000000E-24 7.080018E-24 1.000000E+00 5.702116E+01 2.632984E+01
1.056555E-11 5.420249E+00 4.617834E-01 9.305571E+02 5.712490E-01 1.056897E-02 3.056986E+00 1.000000E-24 1.000000E-24 1.000000E-24 1.000000E-24 1.000000E-24 6.501464E-24 1.000000E+00 5.702732E+01 2.633188E+01
1.133205E-11 5.460249E+00 4.617681E-01 9.305525E+02 5.748504E-01 1.044017E-02 2.950470E+00 1.000000E-24 1.000000E-24 1.000000E-24 1.000000E-24 1.000000E-24 5.973678E-24 1.000000E+00 5.703365E+01 2.633394E+01
1.217775E-11 5.500249E+00 4.617521E-01 9.305483E+02 5.786552E-01 1.032361E-02 2.849770E+00 1.000000E-24 1.000000E-24 1.000000E-24 1.000000E-24 1.000000E-24 5.492354E-24 1.000000E+00 5.704014E+01 2.633604E+01
1.311133E-11 5.540249E+00 4.617352E-01 9.305446E+02 5.826735E-01 1.021878E-02 2.754397E+00 1.000000E-24 1.000000E-24 1.000000E-24 1.000000E-24 1.000000E-24 5.053561E-24 1.000000E+00 5.704680E+01 2.633817E+01
1.414253E-11 5.580249E+00 4.617176E-01 9.305413E+02 5.869160E-01 1.012508E-02 2.663901E+00 1.000000E-24 1.000000E-24 1.000000E-24 1.000000E-24 1.000000E-24 4.653698E-24 1.000000E+00 5.705363E+01 2.634034E+01
1.528226E-11 5.620249E+00 4.616990E-01 9.305383E+02 5.913934E-01 1.004196E-02 2.577878E+00 1.000000E-24 1.000000E-24 1.000000E-24 1.000000E-24 1.000000E-24 4.289469E-24 1.000000E+00 5.706065E+01 2.634254E+01
1.654277E-11 5.660249E+00 4.616796E-01 9.305356E+02 5.961173E-01 9.968938E-03 2.495964E+00 1.000000E-24 1.000000E-24 1.000000E-24 1.000000E-24 1.000000E-24 3.957845E-24 1.000000E+00 5.706787E+01 2.634478E+01
1.793785E-11 5.700249E+00 4.616592E-01 9.305333E+02 6.010994E-01 9.905566E-03 2.417827E+00 1.000000E-24 1.000000E-24 1.000000E-24 1.000000E-24 1.000000E-24 3.656061E-24 1.000000E+00 5.707529E+01 2.634706E+01
1.948304E-11 5.740249E+00 4.616378E-01 9.305313E+02 6.063518E-01 9.851425E-03 2.343170E+00 1.000000E-24 1.000000E-24 1.000000E-24 1.000000E-24 1.000000E-24 3.381575E-24 1.000000E+00 5.708291E+01 2.634939E+01
2.119580E-11 5.780249E+00 4.616154E-01 9.305296E+02 6.118870E-01 9.806108E-03 2.271722E+00 1.000000E-24 1.000000E-24 1.000000E-24 1.000000E-24 1.000000E-24 3.132069E-24 1.000000E+00 5.709076E+01 2.635175E+01
2.309590E-11 5.820249E+00 4.615919E-01 9.305280E+02 6.177180E-01 9.769335E-03 2.203244E+00 1.000000E-24 1.000000E-24 1.000000E-24 1.000000E-24 1.000000E-24 2.905413E-24 1.000000E+00 5.709883E+01 2.635416E+01
2.520567E-11 5.860249E+00 4.615672E-01 9.305267E+02 6.238582E-01 9.740732E-03 2.137516E+00 1.000000E-24 1.000000E-24 1.000000E-24 1.000000E-24 1.000000E-24 2.699662E-24 1.000000E+00 5.710713E+01 2.635662E+01
2.755034E-11 5.900249E+00 4.615413E-01 9.305257E+02 6.303211E-01 9.720057E-03 2.074344E+00 1.000000E-24 1.000000E-24 1.000000E-24 1.000000E-24 1.000000E-24 2.513030E-24 1.000000E+00 5.711569E+01 2.635911E+01
3.015851E-11 5.940249E+00 4.615142E-01 9.305249E+02 6.371209E-01 9.707050E-03 2.013552E+00 1.000000E-24 1.000000E-24 1.000000E-24 1.000000E-24 1.000000E-24 2.343885E-24 1.000000E+00 5.712451E+01 2.636166E+01
3.306257E-11 5.980249E+00 4.614857E-01 9.305243E+02 6.442721E-01 9.701509E-03 1.954983E+00 1.000000E-24 1.000000E-24 1.000000E-24 1.000000E-24 1.000000E-24 2.190726E-24 1.000000E+00 5.713358E+01 2.636426E+01
3.629931E-11 6.020249E+00 4.614559E-01 9.305239E+02 6.517895E-01 9.703237E-03 1.898499E+00 1.000000E-24 1.000000E-24 1.000000E-24 1.000000E-24 1.000000E-24 2.052191E-24 1.000000E+00 5.714294E+01 2.636691E+01
3.991046E-11 6.060249E+00 4.614247E-01 9.305238E+02 6.596884E-01 9.712074E-03 1.843974E+00 1.000000E-24 1.000000E-24 1.000000E-24 1.000000E-24 1.000000E-24 1.927024E-24 1.000000E+00 5.715259E+01 2.636961E+01
4.394344E-11 6.100249E+00 4.613920E-01 9.305238E+02 6.679845E-01 9.727889E-03 1.791297E+00 1.000000E-24 1.000000E-24 1.000000E-24 1.000000E-24 1.000000E-24 1.814079E-24 1.000000E+00 5.716253E+01 2.637237E+01
4.845218E-11 6.140249E+00 4.613578E-01 9.305240E+02 6.766935E-01 9.750580E-03 1.740371E+00 1.000000E-24 1.000000E-24 1.000000E-24 1.000000E-24 1.000000E-24 1.712304E-24 1.000000E+00 5.717278E+01 2.637518E+01
5.349801E-11 6.180249E+00 4.613219E-01 9.305244E+02 6.858320E-01 9.780017E-03 1.691109E+00 1.000000E-24 1.000000E-24 1.000000E-24 1.000000E-24 1.000000E-24 1.620743E-24 1.000000E+00 5.718335E+01 2.637805E+01
5.915070E-11 6.220249E+00 4.612844E-01 9.305250E+02 6.954166E-01 9.816138E-03 1.643434E+00 1.000000E-24 1.000000E-24 1.000000E-24 1.000000E-24 1.000000E-24 1.538514E-24 1.000000E+00 5.719425E+01 2.638098E+01
6.548970E-11 6.260249E+00 4.612451E-01 9.305258E+02 7.054644E-01 9.858877E-03 1.597279E+00 1.000000E-24 1.000000E-24 1.000000E-24 1.000000E-24 1.000000E-24 1.464816E-24 1.000000E+00 5.720551E+01 2.638397E+01
7.260545E-11 6.300249E+00 4.612040E-01 9.305269E+02 7.159927E-01 9.908156E-03 1.552582E+00 1.000000E-24 1.000000E-24 1.000000E-24 1.000000E-24 1.000000E-24 1.398913E-24 1.000000E+00 5.721711E+01 2.638703E+01
8.060087E-11 6.340249E+00 4.611611E-01 9.305280E+02 7.270194E-01 9.963932E-03 1.509293E+00 1.000000E-24 1.000000E-24 1.000000E-24 1.000000E-24 1.000000E-24 1.340134E-24 1.000000E+00 5.722908E+01 2.639015E+01
8.959323E-11 6.380249E+00 4.611162E-01 9.305295E+02 7.385625E-01 1.002615E-02 1.467364E+00 1.000000E-24 1.000000E-24 1.000000E-24 1.000000E-24 1.000000E-24 1.287865E-24 1.000000E+00 5.724143E+01 2.639332E+01
9.971595E-11 6.420249E+00 4.610693E-01 9.305311E+02 7.506406E-01 1.009477E-02 1.426752E+00 1.000000E-24 1.000000E-24 1.000000E-24 1.000000E-24 1.000000E-24 1.241543E-24 1.000000E+00 5.725417E+01 2.639657E+01
1.111210E-10 6.460249E+00 4.610203E-01 9.305330E+02 7.632724E-01 1.016974E-02 1.387422E+00 1.000000E-24 1.000000E-24 1.000000E-24 1.000000E-24 1.000000E-24 1.200658E-24 1.000000E+00 5.726731E+01 2.639989E+01
1.239812E-10 6.500249E+00 4.609691E-01 9.305350E+02 7.764771E-01 1.025101E-02 1.349340E+00 1.000000E-24 1.000000E-24 1.000000E-24 1.000000E-24 1.000000E-24 1.164741E-24 1.000000E+00 5.728086E+01 2.640328E+01
1.384933E-10 6.540249E+00 4.609157E-01 9.305373E+02 7.902743E-01 1.033852E-02 1.312475E+00 1.000000E-24 1.000000E-24 1.000000E-24 1.000000E-24 1.000000E-24 1.133365E-24 1.000000E+00 5.729485E+01 2.640674E+01
1.548812E-10 6.580249E+00 4.608599E-01 9.305399E+02 8.046839E-01 1.043223E-02 1.276797E+00 1.000000E-24 1.000000E-24 1.000000E-24 1.000000E-24 1.000000E-24 1.106139E-24 1.000000E+00 5.730928E+01 2.641027E+01
1.733989E-10 6.620249E+00 4.608018E-01 9.305426E+02 8.197260E-01 1.053204E-02 1.242280E+00 1.000000E-24 1.000000E-24 1.000000E-24 1.000000E-24 1.000000E-24 1.082710E-24 1.000000E+00 5.732415E+01 2.641387E+01
1.943361E-10 6.660249E+00 4.607411E-01 9.305456E+02 8.354215E-01 1.063793E-02 1.208899E+00 1.000000E-24 1.000000E-24 1.000000E-24 1.000000E-24 1.000000E-24 1.062751E-24 1.000000E+00 5.733950E+01 2.641754E+01
2.180211E-10 6.700249E+00 4.606779E-01 9.305489E+02 8.517912E-01 1.074975E-02 1.176628E+00 1.000000E-24 1.000000E-24 1.000000E-24 1.000000E-24 1.000000E-24 1.045967E-24 1.000000E+00 5.735531E+01 2.642130E+01
2.448270E-10 6.740249E+00 4.606120E-01 9.305524E+02 8.688567E-01 1.086744E-02 1.145443E+00 1.000000E-24 1.000000E-24 1.000000E-24 1.000000E-24 1.000000E-24 1.032092E-24 1.000000E+00 5.737162E+01 2.642513E+01
2.751775E-10 6.780249E+00 4.605433E-01 9.305562E+02 8.866398E-01 1.099092E-02 1.115317E+00 1.000000E-24 1.000000E-24 1.000000E-24 1.000000E-24 1.000000E-24 1.020879E-24 1.000000E+00 5.738844E+01 2.642903E+01
3.095533E-10 6.820249E+00 4.604719E-01 9.305603E+02 9.051628E-01 1.112007E-02 1.086228E+00 1.000000E-24 1.000000E-24 1.000000E-24 1.000000E-24 1.000000E-24 1.012108E-24 1.000000E+00 5.740576E+01 2.643301E+01
3.485000E-10 6.860249E+00 4.603974E-01 9.305646E+02 9.244485E-01 1.125482E-02 1.058151E+00 1.000000E-24 1.000000E-24 1.000000E-24 1.000000E-24 1.000000E-24 1.005575E-24 1.000000E+00 5.742362E+01 2.643706E+01
3.926361E-10 6.900249E+00 4.603200E-01 9.305693E+02 9.445199E-01 1.139501E-02 1.031056E+00 1.000000E-24 1.000000E-24 1.000000E-24 1.000000E-24 1.000000E-24 1.001098E-24 1.000000E+00 5.744201E+01 2.644119E+01
4.426627E-10 6.940249E+00 4.602394E-01 9.305742E+02 9.654009E-01 1.154054E-02 1.004919E+00 1.000000E-24 1.000000E-24 1.000000E-24 1.000000E-24 1.000000E-24 1.000000E-24 1.000000E+00 5.746094E+01 2.644540E+01
4.993747E-10 6.980249E+00 4.601555E-01 9.305795E+02 9.871155E-01 1.169130E-02 9.797123E-01 1.000000E-24 1.000000E-24 1.000000E-24 1.000000E-24 1.000000E-24 1.000000E-24 1.000000E+00 5.748044E+01 2.644970E+01
5.636725E-10 7.020249E+00 4.600683E-01 9.305850E+02 1.009689E+00 1.184716E-02 9.554082E-01 1.000000E-24 1.000000E-24 1.000000E-24 1.000000E-24 1.000000E-24 1.000000E-24 1.000000E+00 5.750051E+01 2.645406E+01
6.364559E-10 7.060249E+00 4.599140E-01 9.305909E+02 1.033109E+00 1.200688E-02 9.318492E-01 1.000000E-24 1.000000E-24 1.000000E-24 1.000000E-24 1.000000E-24 1.000000E-24 1.000000E+00 5.753726E+01 2.646199E+01
7.185387E-10 7.100249E+00 4.595553E-01 9.305973E+02 1.057317E+00 1.216780E-02 9.087398E-01 1.000000E-24 1.000000E-24 1.000000E-24 1.000000E-24 1.000000E-24 1.000000E-24 1.000000E+00 5.762558E+01 2.648116E+01
8.115307E-10 7.140249E+00 4.591906E-01 9.306040E+02 1.082448E+00 1.233327E-02 8.864574E-01 1.000000E-24 1.000000E-24 1.000000E-24 1.000000E-24 1.000000E-24 1.000000E-24 1.000000E+00 5.771559E+01 2.650075E+01
9.168807E-10 7.180249E+00 4.588201E-01 9.306111E+02 1.108527E+00 1.250320E-02 8.649733E-01 1.000000E-24 1.000000E-24 1.000000E-24 1.000000E-24 1.000000E-24 1.000000E-24 1.000000E+00 5.780723E+01 2.652073E+01
1.036226E-09 7.220249E+00 4.584442E-01 9.306184E+02 1.135583E+00 1.267746E-02 8.442582E-01 1.000000E-24 1.000000E-24 1.000000E-24 1.000000E-24 1.000000E-24 1.000000E-24 1.000000E+00 5.790042E+01 2.654109E+01
1.171421E-09 7.260249E+00 4.580630E-01 9.306262E+02 1.163644E+00 1.285598E-02 8.242834E-01 1.000000E-24 1.000000E-24 1.000000E-24 1.000000E-24 1.000000E-24 1.000000E-24 1.000000E+00 5.799508E+01 2.656180E+01
1.324558E-09 7.300249E+00 4.576769E-01 9.306343E+02 1.192738E+00 1.303862E-02 8.050201E-01 1.000000E-24 1.000000E-24 1.000000E-24 1.000000E-24 1.000000E-24 1.000000E-24 1.000000E+00 5.809112E+01 2.658285E+01
1.498006E-09 7.340249E+00 4.572862E-01 9.306428E+02 1.222895E+00 1.322535E-02 7.864403E-01 1.000000E-24 1.000000E-24 1.000000E-24 1.000000E-24 1.000000E-24 1.000000E-24 1.000000E+00 5.818846E+01 2.660421E+01
1.694442E-09 7.380249E+00 4.568911E-01 9.306516E+02 1.254146E+00 1.341607E-02 7.685165E-01 1.000000E-24 1.000000E-24 1.000000E-24 1.000000E-24 1.000000E-24 1.000000E-24 1.000000E+00 5.828697E+01 2.662584E+01
1.916893E-09 7.420249E+00 4.564920E-01 9.306609E+02 1.286521E+00 1.361072E-02 7.512216E-01 1.000000E-24 1.000000E-24 1.000000E-24 1.000000E-24 1.000000E-24 1.000000E-24 1.000000E+00 5.838656E+01 2.664773E+01
2.168780E-09 7.460249E+00 4.560892E-01 9.306705E+02 1.320053E+00 1.380920E-02 7.345298E-01 1.000000E-24 1.000000E-24 1.000000E-24 1.000000E-24 1.000000E-24 1.000000E-24 1.000000E+00 5.848713E+01 2.666983E+01
2.453968E-09 7.500249E+00 4.556831E-01 9.306805E+02 1.354776E+00 1.401151E-02 7.184155E-01 1.000000E-24 1.000000E-24 1.000000E-24 1.000000E-24 1.000000E-24 1.000000E-24 1.000000E+00 5.858855E+01 2.669212E+01
2.776828E-09 7.540249E+00 4.552740E-01 9.306910E+02 1.390723E+00 1.421758E-02 7.028543E-01 1.000000E-24 1.000000E-24 1.000000E-24 1.000000E-24 1.000000E-24 1.000000E-24 1.000000E+00 5.869071E+01 2.671457E+01
3.142298E-09 7.580249E+00 4.548622E-01 9.307019E+02 1.427929E+00 1.442736E-02 6.878229E-01 1.000000E-24 1.000000E-24 1.000000E-24 1.000000E-24 1.000000E-24 1.000000E-24 1.000000E+00 5.879348E+01 2.673714E+01
3.555961E-09 7.620249E+00 4.544482E-01 9.307132E+02 1.466431E+00 1.464087E-02 6.732986E-01 1.000000E-24 1.000000E-24 1.000000E-24 1.000000E-24 1.000000E-24 1.000000E-24 1.000000E+00 5.889676E+01 2.675979E+01
4.024124E-09 7.660249E+00 4.540322E-01 9.307250E+02 1.506266E+00 1.485801E-02 6.592598E-01 1.000000E-24 1.000000E-24 1.000000E-24 1.000000E-24 1.000000E-24 1.000000E-24 1.000000E+00 5.900042E+01 2.678251E+01
4.553915E-09 7.700249E+00 4.536147E-01 9.307372E+02 1.547473E+00 1.507882E-02 6.456858E-01 1.000000E-24 1.000000E-24 1.000000E-24 1.000000E-24 1.000000E-24 1.000000E-24 1.000000E+00 5.910435E+01 2.680524E+01
5.153388E-09 7.740249E+00 4.531957E-01 9.307498E+02 1.590091E+00 1.530329E-02 6.325568E-01 1.000000E-24 1.000000E-24 1.000000E-24 1.000000E-24 1.000000E-24 1.000000E-24 1.000000E+00 5.920847E+01 2.682798E+01
5.831642E-09 7.780249E+00 4.527757E-01 9.307630E+02 1.634161E+00 1.553139E-02 6.198541E-01 1.000000E-24 1.000000E-24 1.000000E-24 1.000000E-24 1.000000E-24 1.000000E-24 1.000000E+00 5.931267E+01 2.685068E+01
6.598960E-09 7.820249E+00 4.523548E-01 9.307766E+02 1.679725E+00 1.576315E-02 6.075595E-01 1.000000E-24 1.000000E-24 1.000000E-24 1.000000E-24 1.000000E-24 1.000000E-24 1.000000E+00 5.941690E+01 2.687334E+01
7.466958E-09 7.860249E+00 4.519334E-01 9.307908E+02 1.726826E+00 1.599854E-02 5.956561E-01 1.000000E-24 1.000000E-24 1.000000E-24 1.000000E-24 1.000000E-24 1.000000E-24 1.000000E+00 5.952107E+01 2.689594E+01
8.448762E-09 7.900249E+00 4.515115E-01 9.308054E+02 1.775510E+00 1.623762E-02 5.841275E-01 1.000000E-24 1.000000E-24 1.000000E-24 1.000000E-24 1.000000E-24 1.000000E-24 1.000000E+00 5.962514E+01 2.691846E+01
9.559194E-09 7.940249E+00 4.510892E-01 9.308206E+02 1.825822E+00 1.648036E-02 5.729581E-01 1.000000E-24 1.000000E-24 1.000000E-24 1.000000E-24 1.000000E-24 1.000000E-24 1.000000E+00 5.972911E+01 2.694092E+01
1.081501E-08 7.980249E+00 4.506667E-01 9.308363E+02 1.877809E+00 1.672680E-02 5.621330E-01 1.000000E-24 1.000000E-24 1.000000E-24 1.000000E-24 1.000000E-24 1.000000E-24 1.000000E+00 5.983299E+01 2.696330E+01
1.223510E-08 8.020249E+00 4.502440E-01 9.308526E+02 1.931521E+00 1.697694E-02 5.516379E-01 1.000000E-24 1.000000E-24 1.000000E-24 1.000000E-24 1.000000E-24 1.000000E-24 1.000000E+00 5.993678E+01 2.698562E+01
1.384158E-08 8.060249E+00 4.498370E-01 9.308697E+02 1.987026E+00 1.723124E-02 5.414689E-01 1.000000E-24 1.000000E-24 1.000000E-24 1.000000E-24 1.000000E-24 1.000000E-24 1.000000E+00 6.004186E+01 2.700862E+01
1.565826E-08 8.100249E+00 4.494329E-01 9.308877E+02 2.044359E+00 1.748927E-02 5.315860E-01 1.000000E-24 1.000000E-24 1.000000E-24 1.000000E-24 1.000000E-24 1.000000E-24 1.000000E+00 6.015364E+01 2.703363E+01
1.771076E-08 8.140249E+00 4.490008E-01 9.309063E+02 2.103533E+00 1.775040E-02 5.219495E-01 1.000000E-24 1.000000E-24 1.000000E-24 1.000000E-24 1.000000E-24 1.000000E-24 1.000000E+00 6.027302E+01 2.706028E+01
2.002916E-08 8.180249E+00 4.485380E-01 9.309256E+02 2.164593E+00 1.801449E-02 5.125448E-01 1.000000E-24 1.000000E-24 1.000000E-24 1.000000E-24 1.000000E-24 1.000000E-24 1.000000E+00 6.040073E+01 2.708875E+01
2.264727E-08 8.220249E+00 4.480416E-01 9.309455E+02 2.227589E+00 1.828152E-02 5.033574E-01 1.000000E-24 1.000000E-24 1.000000E-24 1.000000E-24 1.000000E-24 1.000000E-24 1.000000E+00 6.053760E+01 2.711924E+01
2.560310E-08 8.260249E+00 4.475086E-01 9.309660E+02 2.292569E+00 1.855136E-02 4.943734E-01 1.000000E-24 1.000000E-24 1.000000E-24 1.000000E-24 1.000000E-24 1.000000E-24 1.000000E+00 6.068451E+01 2.715195E+01
2.893932E-08 8.300249E+00 4.469357E-01 9.309872E+02 2.359581E+00 1.882392E-02 4.855787E-01 1.000000E-24 1.000000E-24 1.000000E-24 1.000000E-24 1.000000E-24 1.000000E-24 1.000000E+00 6.084240E+01 2.718708E+01
3.270381E-08 8.340249E+00 4.463192E-01 9.310091E+02 2.428675E+00 1.909910E-02 4.769602E-01 1.000000E-24 1.000000E-24 1.000000E-24 1.000000E-24 1.000000E-24 1.000000E-24 1.000000E+00 6.101223E+01 2.722485E+01
3.695027E-08 8.380249E+00 4.456553E-01 9.310315E+02 2.499901E+00 1.937680E-02 4.685044E-01 1.000000E-24 1.000000E-24 1.000000E-24 1.000000E-24 1.000000E-24 1.000000E-24 1.000000E+00 6.119499E+01 2.726546E+01
4.173890E-08 8.420249E+00 4.449400E-01 9.310548E+02 2.573307E+00 1.965683E-02 4.601984E-01 1.000000E-24 1.000000E-24 1.000000E-24 1.000000E-24 1.000000E-24 1.000000E-24 1.000000E+00 6.139169E+01 2.730910E+01
4.713709E-08 8.460249E+00 4.441690E-01 9.310787E+02 2.648944E+00 1.993907E-02 4.520297E-01 1.000000E-24 1.000000E-24 1.000000E-24 1.000000E-24 1.000000E-24 1.000000E-24 1.000000E+00 6.160333E+01 2.735596E+01
5.322028E-08 8.500249E+00 4.433377E-01 9.311033E+02 2.726862E+00 2.022334E-02 4.439859E-01 1.000000E-24 1.000000E-24 1.000000E-24 1.000000E-24 1.000000E-24 1.000000E-24 1.000000E+00 6.183088E+01 2.740618E+01
6.007283E-08 8.540249E+00 4.424416E-01 9.311285E+02 2.807110E+00 2.050950E-02 4.360554E-01 1.000000E-24 1.000000E-24 1.000000E-24 1.000000E-24 1.000000E-24 1.000000E-24 1.000000E+00 6.207526E+01 2.745989E+01
6.778903E-08 8.580249E+00 4.414759E-01 9.311544E+02 2.889740E+00 2.079731E-02 4.282272E-01 1.000000E-24 1.000000E-24 1.000000E-24 1.000000E-24 1.000000E-24 1.000000E-24 1.000000E+00 6.233729E+01 2.751716E+01
7.647415E-08 8.620249E+00 4.404358E-01 9.311811E+02 2.974801E+00 2.108661E-02 4.204907E-01 1.000000E-24 1.000000E-24 1.000000E-24 1.000000E-24 1.000000E-24 1.000000E-24 1.000000E+00 6.261773E+01 2.757801E+01
8.632284E-08 8.660249E+00 4.395959E-01 9.312091E+02 3.062956E+00 2.138635E-02 4.133293E-01 1.000000E-24 1.000000E-24 1.000000E-24 1.000000E-24 1.000000E-24 1.000000E-24 1.000000E+00 6.283762E+01 2.762224E+01
9.748390E-08 8.700249E+00 4.389125E-01 9.312383E+02 3.154228E+00 2.169545E-02 4.066341E-01 1.000000E-24 1.000000E-24 1.000000E-24 1.000000E-24 1.000000E-24 1.000000E-24 1.000000E+00 6.301097E+01 2.765401E+01
1.100773E-07 8.740249E+00 4.382136E-01 9.312684E+02 3.248333E+00 2.200832E-02 4.000895E-01 1.000000E-24 1.000000E-24 1.000000E-24 1.000000E-24 1.000000E-24 1.000000E-24 1.000000E+00 6.318710E+01 2.768600E+01
1.242857E-07 8.780249E+00 4.374990E-01 9.312993E+02 3.345352E+00 2.232500E-02 3.936907E-01 1.000000E-24 1.000000E-24 1.000000E-24 1.000000E-24 1.000000E-24 1.000000E-24 1.000000E+00 6.336609E+01 2.771820E+01
1.403144E-07 8.820249E+00 4.367682E-01 9.313310E+02 3.445369E+00 2.264549E-02 3.874329E-01 1.000000E-24 1.000000E-24 1.000000E-24 1.000000E-24 1.000000E-24 1.000000E-24 1.000000E+00 6.354805E+01 2.775066E+01
1.583950E-07 8.860249E+00 4.360209E-01 9.313637E+02 3.548470E+00 2.296989E-02 3.813118E-01 1.000000E-24 1.000000E-24 1.000000E-24 1.000000E-24 1.000000E-24 1.000000E-24 1.000000E+00 6.373318E+01 2.778343E+01
1.787881E-07 8.900249E+00 4.352565E-01 9.313973E+02 3.654743E+00 2.329810E-02 3.753237E-01 1.000000E-24 1.000000E-24 1.000000E-24 1.000000E-24 1.000000E-24 1.000000E-24 1.000000E+00 6.392182E+01 2.781661E+01
2.017872E-07 8.940249E+00 4.344746E-01 9.314318E+02 3.764278E+00 2.363016E-02 3.694649E-01 1.000000E-24 1.000000E-24 1.000000E-24 1.000000E-24 1.000000E-24 1.000000E-24 1.000000E+00 6.411449E+01 2.785041E+01
2.277224E-07 8.980249E+00 4.336745E-01 9.314672E+02 3.877169E+00 2.396612E-02 3.637323E-01 1.000000E-24 1.000000E-24 1.000000E-24 1.000000E-24 1.000000E-24 1.000000E-24 1.000000E+00 6.431200E+01 2.788513E+01
2.569654E-07 9.020249E+00 4.328556E-01 9.315037E+02 3.993511E+00 2.430585E-02 3.581230E-01 1.000000E-24 1.000000E-24 1.000000E-24 1.000000E-24 1.000000E-24 1.000000E-24 1.000000E+00 6.451561E+01 2.792125E+01
2.899338E-07 9.060249E+00 4.320169E-01 9.315411E+02 4.113401E+00 2.464933E-02 3.526342E-01 1.000000E-24 1.000000E-24 1.000000E-24 1.000000E-24 1.000000E-24 1.000000E-24 1.000000E+00 6.472718E+01 2.795953E+01
3.270970E-07 9.100249E+00 4.311575E-01 9.315795E+02 4.236938E+00 2.499653E-02 3.472628E-01 1.000000E-24 1.000000E-24 1.000000E-24 1.000000E-24 1.000000E-24 1.000000E-24 1.000000E+00 6.494953E+01 2.800111E+01
3.689824E-07 9.140249E+00 4.302759E-01 9.316190E+02 4.364222E+00 2.534727E-02 3.420050E-01 1.000000E-24 1.000000E-24 1.000000E-24 1.000000E-24 1.000000E-24 1.000000E-24 1.000000E+00 6.518677E+01 2.804767E+01
4.155463E-07 9.180249E+00 4.290237E-01 9.316599E+02 4.494121E+00 2.568128E-02 3.343154E-01 1.000000E-24 1.000000E-24 1.000000E-24 1.000000E-24 1.000000E-24 1.000000E-24 1.000000E+00 6.643983E+01 2.849395E+01
4.674402E-07 9.220249E+00 4.275159E-01 9.317017E+02 4.627056E+00 2.600523E-02 3.248181E-01 1.000000E-24 1.000000E-24 1.000000E-24 1.000000E-24 1.000000E-24 1.000000E-24 1.000000E+00 6.842757E+01 2.923082E+01
5.254666E-07 9.260249E+00 4.258641E-01 9.317443E+02 4.763486E+00 2.632604E-02 3.143764E-01 1.000000E-24 1.000000E-24 1.000000E-24 1.000000E-24 1.000000E-24 1.000000E-24 1.000000E+00 7.078716E+01 3.011437E+01
5.901984E-07 9.300249E+00 4.240176E-01 9.317876E+02 4.903285E+00 2.664156E-02 3.028485E-01 1.000000E-24 1.000000E-24 1.000000E-24 1.000000E-24 1.000000E-24 1.000000E-24 1.000000E+00 7.355516E+01 3.115654E+01
6.621532E-07 9.340249E+00 4.218953E-01 9.318315E+02 5.046186E+00 2.694773E-02 2.900699E-01 1.000000E-24 1.000000E-24 1.000000E-24 1.000000E-24 1.000000E-24 1.000000E-24 1.000000E+00 7.678052E+01 3.237234E+01
7.412471E-07 9.380249E+00 4.190751E-01 9.318765E+02 5.190440E+00 2.722726E-02 2.774290E-01 1.000000E-24 1.000000E-24 1.000000E-24 1.000000E-24 1.000000E-24 1.000000E-24 1.000000E+00 8.008329E+01 3.355725E+01
8.285799E-07 9.420249E+00 4.155011E-01 9.319242E+02 5.335548E+00 2.748350E-02 2.702812E-01 1.000000E-24 1.000000E-24 1.000000E-24 1.000000E-24 1.000000E-24 1.000000E-24 1.000000E+00 8.182124E+01 3.398609E+01
9.281246E-07 9.460249E+00 4.125883E-01 9.319725E+02 5.487640E+00 2.777238E-02 2.640301E-01 1.000000E-24 1.000000E-24 1.000000E-24 1.000000E-24 1.000000E-24 1.000000E-24 1.000000E+00 8.321196E+01 3.432394E+01
1.041404E-06 9.500249E+00 4.102140E-01 9.320215E+02 5.646546E+00 2.809016E-02 2.583804E-01 1.000000E-24 1.000000E-24 1.000000E-24 1.000000E-24 1.000000E-24 1.000000E-24 1.000000E+00 8.434586E+01 3.459894E+01
1.174794E-06 9.540249E+00 4.094116E-01 9.320728E+02 5.817388E+00 2.848739E-02 2.547403E-01 1.000000E-24 1.000000E-24 1.000000E-24 1.000000E-24 1.000000E-24 1.000000E-24 1.000000E+00 8.443751E+01 3.457044E+01
1.325861E-06 9.580249E+00 4.087398E-01 9.321256E+02 5.994100E+00 2.889673E-02 2.514434E-01 1.000000E-24 1.000000E-24 1.000000E-24 1.000000E-24 1.000000E-24 1.000000E-24 1.000000E+00 8.439940E+01 3.449895E+01
1.496241E-06 9.620249E+00 4.080487E-01 9.321799E+02 6.176161E+00 2.931097E-02 2.482821E-01 1.000000E-24 1.000000E-24 1.000000E-24 1.000000E-24 1.000000E-24 1.000000E-24 1.000000E+00 8.433948E+01 3.441689E+01
1.688383E-06 9.660249E+00 4.073370E-01 9.322358E+02 6.363722E+00 2.973025E-02 2.452375E-01 1.000000E-24 1.000000E-24 1.000000E-24 1.000000E-24 1.000000E-24 1.000000E-24 1.000000E+00 8.426299E+01 3.432632E+01
1.905041E-06 9.700249E+00 4.066041E-01 9.322931E+02 6.556939E+00 3.015442E-02 2.422937E-01 1.000000E-24 1.000000E-24 1.000000E-24 1.000000E-24 1.000000E-24 1.000000E-24 1.000000E+00 8.417396E+01 3.422881E+01
2.149315E-06 9.740249E+00 4.058489E-01 9.323519E+02 6.755971E+00 3.058355E-02 2.394374E-01 1.000000E-24 1.000000E-24 1.000000E-24 1.000000E-24 1.000000E-24 1.000000E-24 1.000000E+00 8.407536E+01 3.412554E+01
2.424694E-06 9.780249E+00 4.050709E-01 9.324123E+02 6.960984E+00 3.101758E-02 2.366578E-01 1.000000E-24 1.000000E-24 1.000000E-24 1.000000E-24 1.000000E-24 1.000000E-24 1.000000E+00 8.396938E+01 3.401730E+01
2.735102E-06 9.820249E+00 4.042690E-01 9.324743E+02 7.172144E+00 3.145650E-02 2.339466E-01 1.000000E-24 1.000000E-24 1.000000E-24 1.000000E-24 1.000000E-24 1.000000E-24 1.000000E+00 8.385750E+01 3.390467E+01
3.084955E-06 9.860249E+00 4.034427E-01 9.325379E+02 7.389625E+00 3.190035E-02 2.312969E-01 1.000000E-24 1.000000E-24 1.000000E-24 1.000000E-24 1.000000E-24 1.000000E-24 1.000000E+00 8.374074E+01 3.378798E+01
3.479217E-06 9.900249E+00 4.025910E-01 9.326032E+02 7.613605E+00 3.234899E-02 2.287033E-01 1.000000E-24 1.000000E-24 1.000000E-24 1.000000E-24 1.000000E-24 1.000000E-24 1.000000E+00 8.361974E+01 3.366743E+01
3.923472E-06 9.940249E+00 4.017132E-01 9.326702E+02 7.844264E+00 3.280249E-02 2.261616E-01 1.000000E-24 1.000000E-24 1.000000E-24 1.000000E-24 1.000000E-24 1.000000E-24 1.000000E+00 8.349490E+01 3.354313E+01
4.423995E-06 9.980249E+00 4.008086E-01 9.327389E+02 8.081790E+00 3.326080E-02 2.236684E-01 1.000000E-24 1.000000E-24 1.000000E-24 1.000000E-24 1.000000E-24 1.000000E-24 1.000000E+00 8.336639E+01 3.341507E+01
4.987941E-06 1.002025E+01 3.998822E-01 9.328095E+02 8.326401E+00 3.372410E-02 2.211147E-01 5.722872E-24 1.000000E-24 1.000000E-24 1.000000E-24 1.000000E-24 1.000000E-24 1.000000E+00 8.323751E+01 3.328535E+01
5.623950E-06 1.006025E+01 3.989678E-01 9.328831E+02 8.578458E+00 3.419388E-02 2.178991E-01 4.018690E-23 1.000000E-24 1.000000E-24 1.000000E-24 1.000000E-24 1.000000E-24 1.000000E+00 8.312564E+01 3.316564E+01
6.340384E-06 1.010025E+01 3.980254E-01 9.329586E+02 8.837989E+00 3.466846E-02 2.147280E-01 7.206463E-23 1.000000E-24 1.000000E-24 1.000000E-24 1.000000E-24 1.000000E-24 1.000000E+00 8.300871E+01 3.304163E+01
7.147308E-06 1.014025E+01 3.970542E-01 9.330360E+02 9.105200E+00 3.514787E-02 2.115993E-01 1.016189E-22 1.000000E-24 1.000000E-24 1.000000E-24 1.000000E-24 1.000000E-24 1.000000E+00 8.288667E+01 3.291321E+01
8.056023E-06 1.018025E+01 3.960533E-01 9.331152E+02 9.380302E+00 3.563206E-02 2.085110E-01 1.290911E-22 1.000000E-24 1.000000E-24 1.000000E-24 1.000000E-24 1.000000E-24 1.000000E+00 8.275944E+01 3.278028E+01
9.079227E-06 1.022025E+01 3.950219E-01 9.331965E+02 9.663511E+00 3.612098E-02 2.054609E-01 1.547064E-22 1.000000E-24 1.000000E-24 1.000000E-24 1.000000E-24 1.000000E-24 1.000000E+00 8.262697E+01 3.264275E+01
1.023117E-05 1.026025E+01 3.939591E-01 9.332797E+02 9.955050E+00 3.661460E-02 2.024471E-01 1.786727E-22 1.000000E-24 1.000000E-24 1.000000E-24 1.000000E-24 1.000000E-24 1.000000E+00 8.248919E+01 3.250051E+01
1.152785E-05 1.030025E+01 3.928639E-01 9.333649E+02 1.025514E+01 3.711285E-02 1.994672E-01 2.011828E-22 1.000000E-24 1.000000E-24 1.000000E-24 1.000000E-24 1.000000E-24 1.000000E+00 8.234602E+01 3.235348E+01
1.298723E-05 1.034025E+01 3.917354E-01 9.334521E+02 1.056402E+01 3.761564E-02 1.965192E-01 2.224187E-22 1.000000E-24 1.000000E-24 1.000000E-24 1.000000E-24 1.000000E-24 1.000000E+00 8.219742E+01 3.220154E+01
1.462945E-05 1.038025E+01 3.905726E-01 9.335414E+02 1.088193E+01 3.812289E-02 1.936006E-01 2.425532E-22 1.000000E-24 1.000000E-24 1.000000E-24 1.000000E-24 1.000000E-24 1.000000E+00 8.204329E+01 3.204458E+01
1.632847E-05 1.042025E+01 3.866226E-01 9.336352E+02 1.118244E+01 3.845868E-02 1.938853E-01 5.416084E-22 1.000000E-24 1.000000E-24 1.000000E-24 1.000000E-24 1.000000E-24 1.000000E+00 8.152023E+01 3.152052E+01
1.805886E-05 1.046025E+01 3.800075E-01 9.337308E+02 1.146454E+01 3.862272E-02 1.972317E-01 1.073753E-21 1.000000E-24 1.000000E-24 1.000000E-24 1.000000E-24 1.000000E-24 1.000000E+00 8.064512E+01 3.064576E+01
2.027055E-05 1.050025E+01 3.778354E-01 9.338288E+02 1.179860E+01 3.907328E-02 1.954421E-01 4.590880E-20 1.000000E-24 1.000000E-24 1.000000E-24 1.000000E-24 1.000000E-24 1.000000E+00 8.036596E+01 3.036728E+01
2.274727E-05 1.054025E+01 3.756049E-01 9.339283E+02 1.214175E+01 3.952448E-02 1.936818E-01 8.812133E-20 1.000000E-24 1.000000E-24 1.000000E-24 1.000000E-24 1.000000E-24 1.000000E+00 8.007955E+01 3.008143E+01
2.551929E-05 1.058025E+01 3.733092E-01 9.340294E+02 1.249414E+01 3.997578E-02 1.919557E-01 1.279657E-19 1.000000E-24 1.000000E-24 1.000000E-24 1.000000E-24 1.000000E-24 1.000000E+00 7.978495E+01 2.978729E+01
2.862057E-05 1.062025E+01 3.709465E-01 9.341320E+02 1.285598E+01 4.042685E-02 1.902630E-01 1.657269E-19 1.000000E-24 1.000000E-24 1.000000E-24 1.000000E-24 1.000000E-24 1.000000E+00 7.948193E+01 2.948464E+01
3.159465E-05 1.066025E+01 3.640760E-01 9.342369E+02 1.317376E+01 4.055964E-02 1.862823E-01 3.492949E-19 1.000000E-24 1.000000E-24 1.000000E-24 1.000000E-24 1.000000E-24 1.000000E+00 7.862772E+01 2.862945E+01
3.515680E-05 1.070025E+01 3.596202E-01 9.343438E+02 1.352854E+01 4.085360E-02 1.826594E-01 1.371494E-11 1.000000E-24 1.000000E-24 1.000000E-24 1.000000E-24 1.000000E-24 1.000000E+00 7.846743E+01 2.821516E+01
3.964070E-05 1.074025E+01 3.589400E-01 9.344555E+02 1.394087E+01 4.141976E-02 1.801520E-01 2.679730E-11 1.000000E-24 1.000000E-24 1.000000E-24 1.000000E-24 1.000000E-24 1.000000E+00 7.926279E+01 2.844040E+01
4.468499E-05 1.078025E+01 3.582180E-01 9.345700E+02 1.436524E+01 4.199159E-02 1.773296E-01 3.142235E-11 1.000000E-24 1.000000E-24 1.000000E-24 1.000000E-24 1.000000E-24 1.000000E+00 8.029448E+01 2.874509E+01
5.035877E-05 1.082025E+01 3.574510E-01 9.346874E+02 1.480192E+01 4.256807E-02 1.742094E-01 3.120753E-11 1.000000E-24 1.000000E-24 1.000000E-24 1.000000E-24 1.000000E-24 1.000000E+00 8.150654E+01 2.910939E+01
5.673931E-05 1.086025E+01 3.566351E-01 9.348079E+02 1.525121E+01 4.314802E-02 1.708710E-01 2.844032E-11 1.000000E-24 1.000000E-24 1.000000E-24 1.000000E-24 1.000000E-24 1.000000E+00 8.284343E+01 2.951357E+01
6.391261E-05 1.090025E+01 3.557660E-01 9.349312E+02 1.571338E+01 4.373041E-02 1.674050E-01 2.453967E-11 1.000000E-24 1.000000E-24 1.000000E-24 1.000000E-24 1.000000E-24 1.000000E+00 8.426920E+01 2.994469E+01
7.197398E-05 1.094025E+01 3.548388E-01 9.350575E+02 1.618868E+01 4.431441E-02 1.638809E-01 2.035906E-11 1.000000E-24 1.000000E-24 1.000000E-24 1.000000E-24 1.000000E-24 1.000000E+00 8.577016E+01 3.039758E+01
8.102890E-05 1.098025E+01 3.538479E-01 9.351868E+02 1.667739E+01 4.489870E-02 1.603413E-01 1.638206E-11 1.000000E-24 1.000000E-24 1.000000E-24 1.000000E-24 1.000000E-24 1.000000E+00 8.735014E+01 3.087317E+01
9.119356E-05 1.102025E+01 3.527873E-01 9.353189E+02 1.717973E+01 4.547875E-02 1.568125E-01 1.285390E-11 1.000000E-24 1.000000E-24 1.000000E-24 1.000000E-24 1.000000E-24 1.000000E+00 8.903242E+01 3.137911E+01
1.025936E-04 1.106025E+01 3.516502E-01 9.354540E+02 1.769594E+01 4.603549E-02 1.533259E-01 9.870362E-12 1.000000E-24 1.000000E-24 1.000000E-24 1.000000E-24 1.000000E-24 1.000000E+00 9.090395E+01 3.194531E+01
1.153513E-04 1.110025E+01 3.504307E-01 9.355917E+02 1.822626E+01 4.648393E-02 1.498390E-01 7.439622E-12 1.000000E-24 1.000000E-24 1.000000E-24 1.000000E-24 1.000000E-24 1.000000E+00 9.338325E+01 3.271778E+01
1.243403E-04 1.114025E+01 3.399241E-01 9.357284E+02 1.860452E+01 4.619367E-02 1.213814E-01 4.675308E-11 1.000000E-24 1.000000E-24 1.000000E-24 1.000000E-24 1.000000E-24 1.000000E+00 1.203286E+02 4.090242E+01
1.389699E-04 1.118025E+01 3.369920E-01 9.358709E+02 1.912847E+01 4.664297E-02 1.192533E-01 1.431267E-09 1.000000E-24 1.000000E-24 1.000000E-24 1.000000E-24 1.000000E-24 1.000000E+00 1.221920E+02 4.117714E+01
1.555053E-04 1.122025E+01 3.343300E-01 9.360145E+02 1.967231E+01 4.714445E-02 1.174629E-01 2.661444E-09 1.000000E-24 1.000000E-24 1.000000E-24 1.000000E-24 1.000000E-24 1.000000E+00 1.229796E+02 4.111911E+01
1.740646E-04 1.126025E+01 3.317100E-01 9.361595E+02 2.023234E+01 4.764398E-02 1.164766E-01 3.855261E-09 1.000000E-24 1.000000E-24 1.000000E-24 1.000000E-24 1.000000E-24 1.000000E+00 1.226941E+02 4.070138E+01
1.948141E-04 1.130025E+01 3.290657E-01 9.363081E+02 2.080730E+01 4.813102E-02 1.157117E-01 3.222377E-07 1.000000E-24 1.000000E-24 1.000000E-24 1.000000E-24 1.000000E-24 9.999997E-01 1.222200E+02 4.021992E+01
2.180146E-04 1.134025E+01 3.264107E-01 9.364618E+02 2.139747E+01 4.861837E-02 1.149773E-01 1.211273E-06 1.000000E-24 1.000000E-24 1.000000E-24 1.000000E-24 1.000000E-24 9.999988E-01 1.217421E+02 3.974211E+01
2.438806E-04 1.138025E+01 3.236817E-01 9.366170E+02 2.200257E+01 4.910214E-02 1.142695E-01 2.110309E-06 1.000000E-24 1.000000E-24 1.000000E-24 1.000000E-24 1.000000E-24 9.999979E-01 1.212510E+02 3.925100E+01
2.727012E-04 1.142025E+01 3.208772E-01 9.367736E+02 2.262287E+01 4.958196E-02 1.135880E-01 3.026375E-06 1.000000E-24 1.000000E-24 1.000000E-24 1.000000E-24 1.000000E-24 9.999970E-01 1.207463E+02 3.874628E+01
3.050776E-04 1.146025E+01 3.182117E-01 9.369358E+02 2.326291E+01 5.007575E-02 1.169537E-01 7.670842E-04 1.000000E-24 1.000000E-24 1.000000E-24 1.000000E-24 1.000000E-24 9.992329E-01 1.203169E+02 3.831692E+01
3.413003E-04 1.150025E+01 3.155704E-01 9.371018E+02 2.392104E+01 5.057385E-02 1.220138E-01 1.876836E-03 1.000000E-24 1.000000E-24 1.000000E-24 1.000000E-24 1.000000E-24 9.981232E-01 1.199149E+02 3.791492E+01
3.816653E-04 1.154025E+01 3.128565E-01 9.372692E+02 2.459573E+01 5.106783E-02 1.269895E-01 3.001727E-03 1.000000E-24 1.000000E-24 1.000000E-24 1.000000E-24 1.000000E-24 9.969983E-01 1.195010E+02 3.750105E+01
4.266184E-04 1.158025E+01 3.100683E-01 9.374379E+02 2.528726E+01 5.155713E-02 1.319086E-01 4.149435E-03 1.000000E-24 1.000000E-24 1.000000E-24 1.000000E-24 1.000000E-24 9.958506E-01 1.190754E+02 3.707541E+01
4.634509E-04 1.162025E+01 3.005131E-01 9.376115E+02 2.580465E+01 5.132042E-02 1.642739E-01 1.607208E-02 1.000000E-24 1.000000E-24 1.000000E-24 1.000000E-24 1.000000E-24 9.839279E-01 1.180571E+02 3.605709E+01
5.001103E-04 1.166025E+01 2.896796E-01 9.377870E+02 2.628535E+01 5.092510E-02 2.322353E-01 5.049490E-02 1.000000E-24 1.000000E-24 1.000000E-24 1.000000E-24 1.000000E-24 9.495051E-01 1.180000E+02 3.600001E+01
5.293137E-04 1.170025E+01 2.748440E-01 9.379577E+02 2.663302E+01 5.005290E-02 2.876281E-01 9.912229E-02 1.000000E-24 1.000000E-24 1.000000E-24 1.000000E-24 1.000000E-24 9.008777E-01 1.180000E+02 3.600000E+01
5.555609E-04 1.174025E+01 2.588491E-01 9.381188E+02 2.692034E+01 4.900163E-02 3.228831E-01 1.515501E-01 1.000000E-24 1.000000E-24 1.000000E-24 1.000000E-24 1.000000E-24 8.484499E-01 1.180000E+02 3.600000E+01
5.810750E-04 1.178025E+01 2.427975E-01 9.382719E+02 2.717291E+01 4.789228E-02 3.411170E-01 2.041611E-01 1.000000E-24 1.000000E-24 1.000000E-24 1.000000E-24 1.000000E-24 7.958389E-01 1.179999E+02 3.599982E+01
6.072755E-04 1.182025E+01 2.272869E-01 9.384166E+02 2.741001E+01 4.679490E-02 3.483729E-01 2.549507E-01 1.000000E-24 1.000000E-24 1.000000E-24 1.000000E-24 1.000000E-24 7.450493E-01 1.179962E+02 3.599624E+01
6.348062E-04 1.186025E+01 2.124832E-01 9.385538E+02 2.763697E+01 4.571587E-02 3.486236E-01 3.027411E-01 1.000000E-24 1.000000E-24 1.000000E-24 1.000000E-24 1.000000E-24 6.972589E-01 1.179412E+02 3.594115E+01
6.626638E-04 1.190025E+01 1.981873E-01 9.386841E+02 2.784459E+01 4.457340E-02 3.449547E-01 3.431321E-01 1.000000E-24 1.000000E-24 1.000000E-24 1.000000E-24 1.000000E-24 6.568679E-01 1.174277E+02 3.542773E+01
6.910768E-04 1.194025E+01 1.845094E-01 9.388077E+02 2.803524E+01 4.354040E-02 3.345054E-01 3.755054E-01 1.000000E-24 1.000000E-24 1.000000E-24 1.000000E-24 1.000000E-24 6.244946E-01 1.163826E+02 3.438264E+01
7.256694E-04 1.198025E+01 1.722932E-01 9.389248E+02 2.825703E+01 4.271265E-02 3.222039E-01 4.125397E-01 1.000000E-24 1.000000E-24 1.000000E-24 1.000000E-24 1.000000E-24 5.874603E-01 1.160291E+02 3.402916E+01
7.656332E-04 1.202025E+01 1.611134E-01 9.390373E+02 2.849422E+01 4.195344E-02 3.107158E-01 4.503337E-01 1.000000E-24 1.000000E-24 1.000000E-24 1.000000E-24 1.000000E-24 5.496663E-01 1.160012E+02 3.400127E+01
8.102104E-04 1.206025E+01 1.506947E-01 9.391458E+02 2.873529E+01 4.126334E-02 2.986884E-01 4.858658E-01 1.000000E-24 1.000000E-24 1.000000E-24 1.000000E-24 1.000000E-24 5.141342E-01 1.160000E+02 3.400005E+01
8.599782E-04 1.210025E+01 1.409839E-01 9.392508E+02 2.897993E+01 4.064283E-02 2.862010E-01 5.189962E-01 1.000000E-24 1.000000E-24 1.000000E-24 1.000000E-24 1.000000E-24 4.810038E-01 1.160000E+02 3.400000E+01
9.156587E-04 1.214025E+01 1.319397E-01 9.393526E+02 2.922874E+01 4.008978E-02 2.735229E-01 5.498529E-01 1.000000E-24 1.000000E-24 1.000000E-24 1.000000E-24 1.000000E-24 4.501471E-01 1.160000E+02 3.400000E+01
9.779750E-04 1.218025E+01 1.235151E-01 9.394517E+02 2.948232E+01 3.960056E-02 2.608612E-01 5.785956E-01 1.000000E-24 1.000000E-24 1.000000E-24 1.000000E-24 1.000000E-24 4.214044E-01 1.160000E+02 3.399999E+01
1.047605E-03 1.222025E+01 1.156564E-01 9.395482E+02 2.974123E+01 3.916963E-02 2.483650E-01 6.054074E-01 1.000000E-24 1.000000E-24 1.000000E-24 1.000000E-24 1.000000E-24 3.945926E-01 1.160000E+02 3.399997E+01
1.125120E-03 1.226025E+01 1.083023E-01 9.396420E+02 3.000612E+01 3.878930E-02 2.361421E-01 6.304967E-01 1.000000E-24 1.000000E-24 1.000000E-24 1.000000E-24 1.000000E-24 3.695033E-01 1.159999E+02 3.399983E+01
1.212238E-03 1.230025E+01 1.014624E-01 9.397343E+02 3.027620E+01 3.846139E-02 2.242513E-01 6.538276E-01 1.000000E-24 1.000000E-24 1.000000E-24 1.000000E-24 1.000000E-24 3.461724E-01 1.159991E+02 3.399907E+01
1.310622E-03 1.234025E+01 9.512972E-02 9.398261E+02 3.055110E+01 3.818073E-02 2.127955E-01 6.754003E-01 1.000000E-24 1.000000E-24 1.000000E-24 1.000000E-24 1.000000E-24 3.245997E-01 1.159940E+02 3.399400E+01
1.418891E-03 1.238025E+01 8.913075E-02 9.399150E+02 3.083275E+01 3.789668E-02 2.020208E-01 6.956947E-01 1.000000E-24 1.000000E-24 1.000000E-24 1.000000E-24 1.000000E-24 3.043053E-01 1.159661E+02 3.396602E+01
1.541287E-03 1.242025E+01 8.360755E-02 9.400049E+02 3.111560E+01 3.760277E-02 1.923581E-01 7.136571E-01 1.000000E-24 1.000000E-24 1.000000E-24 1.000000E-24 1.000000E-24 2.863429E-01 1.158129E+02 3.381284E+01
1.674516E-03 1.246025E+01 7.834549E-02 9.400926E+02 3.140092E+01 3.736840E-02 1.832344E-01 7.294622E-01 1.000000E-24 1.000000E-24 1.000000E-24 1.000000E-24 1.000000E-24 2.705378E-01 1.154226E+02 3.342252E+01
1.825887E-03 1.250025E+01 7.352212E-02 9.401806E+02 3.169498E+01 3.731174E-02 1.731065E-01 7.443827E-01 1.000000E-24 1.000000E-24 1.000000E-24 1.000000E-24 1.000000E-24 2.556173E-01 1.151045E+02 3.310452E+01
1.994852E-03 1.254025E+01 6.897879E-02 9.402668E+02 3.200285E+01 3.723752E-02 1.632658E-01 7.596929E-01 1.000000E-24 1.000000E-24 1.000000E-24 1.000000E-24 1.000000E-24 2.403071E-01 1.150140E+02 3.301402E+01
2.187895E-03 1.258025E+01 6.485749E-02 9.403550E+02 3.231584E+01 3.716225E-02 1.541586E-01 7.739921E-01 1.000000E-24 1.000000E-24 1.000000E-24 1.000000E-24 1.000000E-24 2.260079E-01 1.150021E+02 3.300209E+01
2.397998E-03 1.262025E+01 6.084831E-02 9.404406E+02 3.263644E+01 3.706416E-02 1.455658E-01 7.879539E-01 1.000000E-24 1.000000E-24 1.000000E-24 1.000000E-24 1.000000E-24 2.120461E-01 1.150002E+02 3.300023E+01
2.637241E-03 1.266025E+01 5.723908E-02 9.405291E+02 3.295859E+01 3.700436E-02 1.374157E-01 8.005307E-01 1.000000E-24 1.000000E-24 1.000000E-24 1.000000E-24 1.000000E-24 1.994693E-01 1.150000E+02 3.300003E+01
2.901129E-03 1.270025E+01 5.379959E-02 9.406170E+02 3.328541E+01 3.693759E-02 1.296740E-01 8.125166E-01 1.000000E-24 1.000000E-24 1.000000E-24 1.000000E-24 1.000000E-24 1.874834E-01 1.150000E+02 3.300000E+01
3.188065E-03 1.274025E+01 5.044191E-02 9.407026E+02 3.361775E+01 3.684533E-02 1.223185E-01 8.242176E-01 1.000000E-24 1.000000E-24 1.000000E-24 1.000000E-24 1.000000E-24 1.757824E-01 1.150000E+02 3.300000E+01
3.516056E-03 1.278025E+01 4.749448E-02 9.407927E+02 3.394918E+01 3.679859E-02 1.153566E-01 8.344889E-01 1.000000E-24 1.000000E-24 1.000000E-24 1.000000E-24 1.000000E-24 1.655111E-01 1.150000E+02 3.300000E+01
3.876150E-03 1.282025E+01 4.466286E-02 9.408822E+02 3.428398E+01 3.673745E-02 1.087533E-01 8.443567E-01 1.000000E-24 1.000000E-24 1.000000E-24 1.000000E-24 1.000000E-24 1.556433E-01 1.150000E+02 3.300000E+01
4.267741E-03 1.286025E+01 4.189143E-02 9.409700E+02 3.462252E+01 3.665216E-02 1.024875E-01 8.540148E-01 1.000000E-24 1.000000E-24 1.000000E-24 1.000000E-24 1.000000E-24 1.459852E-01 1.150000E+02 3.300000E+01
4.700694E-03 1.290025E+01 3.929873E-02 9.410586E+02 3.496231E+01 3.657427E-02 9.655645E-02 8.630499E-01 1.000000E-24 1.000000E-24 1.000000E-24 1.000000E-24 1.000000E-24 1.369501E-01 1.150000E+02 3.300000E+01
5.191537E-03 1.294025E+01 3.703267E-02 9.411510E+02 3.530042E+01 3.654708E-02 9.096391E-02 8.709468E-01 1.000000E-24 1.000000E-24 1.000000E-24 1.000000E-24 1.000000E-24 1.290532E-01 1.150000E+02 3.300000E+01
5.727129E-03 1.298025E+01 3.481253E-02 9.412425E+02 3.564134E+01 3.651585E-02 8.566341E-02 8.786836E-01 1.000000E-24 1.000000E-24 1.000000E-24 1.000000E-24 1.000000E-24 1.213164E-01 1.150000E+02 3.300000E+01
6.311389E-03 1.302025E+01 3.263770E-02 9.413328E+02 3.598519E+01 3.649294E-02 8.064013E-02 8.862625E-01 1.000000E-24 1.000000E-24 1.000000E-24 1.000000E-24 1.000000E-24 1.137375E-01 1.150000E+02 3.300000E+01
6.949221E-03 1.306025E+01 3.050845E-02 9.414220E+02 3.633242E+01 3.649518E-02 7.588015E-02 8.936826E-01 1.000000E-24 1.000000E-24 1.000000E-24 1.000000E-24 1.000000E-24 1.063174E-01 1.150000E+02 3.300000E+01
7.681467E-03 1.310025E+01 2.873649E-02 9.415158E+02 3.667897E+01 3.662423E-02 7.141744E-02 8.998576E-01 1.000000E-24 1.000000E-24 1.000000E-24 1.000000E-24 1.000000E-24 1.001424E-01 1.150000E+02 3.300000E+01
8.503164E-03 1.314025E+01 2.710489E-02 9.416111E+02 3.702965E+01 3.685534E-02 6.720828E-02 9.055435E-01 1.000000E-24 1.000000E-24 1.000000E-24 1.000000E-24 1.000000E-24 9.445646E-02 1.150000E+02 3.300000E+01
9.418329E-03 1.318025E+01 2.551638E-02 9.417062E+02 3.738813E+01 3.719651E-02 6.322604E-02 9.110792E-01 1.000000E-24 1.000000E-24 1.000000E-24 1.000000E-24 1.000000E-24 8.892075E-02 1.150000E+02 3.300000E+01
1.044571E-02 1.322025E+01 2.397500E-02 9.418012E+02 3.775731E+01 3.768707E-02 5.945989E-02 9.164507E-01 1.000000E-24 1.000000E-24 1.000000E-24 1.000000E-24 1.000000E-24 8.354926E-02 1.150000E+02 3.300000E+01
1.161099E-02 1.326025E+01 2.248594E-02 9.418961E+02 3.814105E+01 3.837212E-02 5.589989E-02 9.216399E-01 1.000000E-24 1.000000E-24 1.000000E-24 1.000000E-24 1.000000E-24 7.836011E-02 1.150000E+02 3.300000E+01
1.294941E-02 1.330025E+01 2.105569E-02 9.419915E+02 3.854433E+01 3.930061E-02 5.253700E-02 9.266241E-01 1.000000E-24 1.000000E-24 1.000000E-24 1.000000E-24 1.000000E-24 7.337588E-02 1.150000E+02 3.300000E+01
1.452657E-02 1.334025E+01 1.978197E-02 9.420896E+02 3.897180E+01 4.054453E-02 4.937898E-02 9.310628E-01 1.000000E-24 1.000000E-24 1.000000E-24 1.000000E-24 1.000000E-24 6.893716E-02 1.150000E+02 3.300000E+01
1.645662E-02 1.338025E+01 1.886980E-02 9.421952E+02 3.942712E+01 4.219359E-02 4.645323E-02 9.342416E-01 1.000000E-24 1.000000E-24 1.000000E-24 1.000000E-24 1.000000E-24 6.575840E-02 1.150000E+02 3.300000E+01
1.877596E-02 1.342025E+01 1.801779E-02 9.423040E+02 3.992460E+01 4.421958E-02 4.369742E-02 9.372107E-01 1.000000E-24 1.000000E-24 1.000000E-24 1.000000E-24 1.000000E-24 6.278928E-02 1.150000E+02 3.300000E+01
2.160326E-02 1.346025E+01 1.723380E-02 9.424169E+02 4.047501E+01 4.665984E-02 4.110462E-02 9.399428E-01 1.000000E-24 1.000000E-24 1.000000E-24 1.000000E-24 1.000000E-24 6.005717E-02 1.150000E+02 3.300000E+01
2.509569E-02 1.350025E+01 1.652631E-02 9.425354E+02 4.109078E+01 4.954431E-02 3.866847E-02 9.424083E-01 1.000000E-24 1.000000E-24 1.000000E-24 1.000000E-24 1.000000E-24 5.759169E-02 1.150000E+02 3.300000E+01
2.945958E-02 1.354025E+01 1.590434E-02 9.426610E+02 4.178612E+01 5.289024E-02 3.638310E-02 9.445758E-01 1.000000E-24 1.000000E-24 1.000000E-24 1.000000E-24 1.000000E-24 5.542423E-02 1.150000E+02 3.300000E+01
3.496327E-02 1.358025E+01 1.537708E-02 9.427960E+02 4.257683E+01 5.671442E-02 3.424303E-02 9.464132E-01 1.000000E-24 1.000000E-24 1.000000E-24 1.000000E-24 1.000000E-24 5.358678E-02 1.150000E+02 3.300000E+01
4.195241E-02 1.362025E+01 1.495355E-02 9.429427E+02 4.348008E+01 6.098642E-02 3.224299E-02 9.478891E-01 1.000000E-24 1.000000E-24 1.000000E-24 1.000000E-24 1.000000E-24 5.211085E-02 1.150000E+02 3.300000E+01
5.086762E-02 1.366025E+01 1.464222E-02 9.431040E+02 4.451409E+01 6.580050E-02 3.037781E-02 9.489741E-01 1.000000E-24 1.000000E-24 1.000000E-24 1.000000E-24 1.000000E-24 5.102590E-02 1.150000E+02 3.300000E+01
6.226459E-02 1.370025E+01 1.445045E-02 9.432834E+02 4.569760E+01 7.074345E-02 2.864230E-02 9.496424E-01 1.000000E-24 1.000000E-24 1.000000E-24 1.000000E-24 1.000000E-24 5.035762E-02 1.150000E+02 3.300000E+01
7.683656E-02 1.374025E+01 1.438394E-02 9.434846E+02 4.704914E+01 7.720752E-02 2.703101E-02 9.498741E-01 1.452967E-24 1.000000E-24 1.000000E-24 1.000000E-24 1.000000E-24 5.012583E-02 1.150000E+02 3.300000E+01
9.543865E-02 1.378025E+01 1.444604E-02 9.437120E+02 4.858612E+01 7.994190E-02 2.553812E-02 9.496577E-01 8.888135E-17 1.000000E-24 1.000000E-24 1.000000E-24 1.000000E-24 5.034225E-02 1.150000E+02 3.300000E+01
1.191139E-01 1.382025E+01 1.463713E-02 9.439704E+02 5.032379E+01 8.339425E-02 2.415745E-02 9.489918E-01 1.823729E-08 1.000000E-24 1.000000E-24 1.000000E-24 1.000000E-24 5.100813E-02 1.150000E+02 3.300000E+01
1.400327E-01 1.386025E+01 1.480370E-02 9.442600E+02 5.209307E+01 8.139132E-02 2.356232E-02 9.728405E-01 9.831250E-03 1.000000E-24 1.000000E-24 1.000000E-24 1.000000E-24 1.732824E-02 5.524257E+01 1.585222E+01
1.691977E-01 1.390025E+01 1.613543E-02 9.445656E+02 5.536987E+01 9.462318E-02 2.227514E-02 9.838646E-01 1.613543E-02 1.000000E-24 1.000000E-24 1.000000E-24 1.000000E-24 1.000000E-24 1.000000E-24 1.000000E-24
2.108210E-01 1.394025E+01 1.802149E-02 9.449081E+02 5.950983E+01 1.064628E-01 2.101830E-02 9.819785E-01 1.802149E-02 1.000000E-24 1.000000E-24 1.000000E-24 1.000000E-24 1.000000E-24 1.000000E-24 1.000000E-24
2.622406E-01 1.398025E+01 1.996075E-02 9.452920E+02 6.392435E+01 1.105177E-01 1.982659E-02 9.800392E-01 1.996075E-02 1.000000E-24 1.000000E-24 1.000000E-24 1.000000E-24 1.000000E-24 1.000000E-24 1.000000E-24
3.244753E-01 1.402025E+01 2.266643E-02 9.457494E+02 6.851610E+01 1.171310E-01 1.868892E-02 9.773336E-01 2.266643E-02 1.000000E-24 1.000000E-24 1.000000E-24 1.000000E-24 1.000000E-24 1.000000E-24 1.000000E-24
4.000432E-01 1.406025E+01 2.541971E-02 9.462556E+02 7.336245E+01 1.226491E-01 1.760830E-02 9.745803E-01 2.541971E-02 1.000000E-24 1.000000E-24 1.000000E-24 1.000000E-24 1.000000E-24 1.000000E-24 1.000000E-24
4.912720E-01 1.410025E+01 2.818360E-02 9.468142E+02 7.845518E+01 1.283730E-01 1.658080E-02 9.718164E-01 2.818360E-02 1.000000E-24 1.000000E-24 1.000000E-24 1.000000E-24 1.000000E-24 1.000000E-24 1.000000E-24
6.006792E-01 1.414025E+01 3.113089E-02 9.474411E+02 8.374479E+01 1.339297E-01 1.560099E-02 9.688691E-01 3.113089E-02 1.000000E-24 1.000000E-24 1.000000E-24 1.000000E-24 1.000000E-24 1.000000E-24 1.000000E-24
7.313299E-01 1.418025E+01 3.440474E-02 9.481507E+02 8.916883E+01 1.395996E-01 1.466430E-02 9.655953E-01 3.440474E-02 1.000000E-24 1.000000E-24 1.000000E-24 1.000000E-24 1.000000E-24 1.000000E-24 1.000000E-24
8.881012E-01 1.422025E+01 3.757193E-02 9.489253E+02 9.475518E+01 1.456972E-01 1.377074E-02 9.624281E-01 3.757193E-02 1.000000E-24 1.000000E-24 1.000000E-24 1.000000E-24 1.000000E-24 1.000000E-24 1.000000E-24
1.077351E+00 1.426025E+01 4.067363E-02 9.497790E+02 1.004476E+02 1.526464E-01 1.291685E-02 9.593264E-01 4.067363E-02 1.000000E-24 1.000000E-24 1.000000E-24 1.000000E-24 1.000000E-24 1.000000E-24 1.000000E-24
1.308481E+00 1.430025E+01 4.390064E-02 9.507410E+02 1.061468E+02 1.610329E-01 1.209875E-02 9.560994E-01 4.390064E-02 1.000000E-24 1.000000E-24 1.000000E-24 1.000000E-24 1.000000E-24 1.000000E-24 1.000000E-24
1.595819E+00 1.434025E+01 4.684130E-02 9.517973E+02 1.118688E+02 1.715206E-01 1.131699E-02 9.531587E-01 4.684130E-02 1.000000E-24 1.000000E-24 1.000000E-24 1.000000E-24 1.000000E-24 1.000000E-24 1.000000E-24
1.960734E+00 1.438025E+01 4.944786E-02 9.529681E+02 1.175618E+02 1.847893E-01 1.057005E-02 9.505521E-01 4.944786E-02 1.000000E-24 1.000000E-24 1.000000E-24 1.000000E-24 1.000000E-24 1.000000E-24 1.000000E-24
2.435573E+00 1.442025E+01 5.186675E-02 9.543026E+02 1.231322E+02 2.014475E-01 9.855916E-03 9.481332E-01 5.186675E-02 1.000000E-24 1.000000E-24 1.000000E-24 1.000000E-24 1.000000E-24 1.000000E-24 1.000000E-24
3.066387E+00 1.446025E+01 5.390638E-02 9.558235E+02 1.285750E+02 2.218259E-01 9.175142E-03 9.460936E-01 5.390638E-02 1.000000E-24 1.000000E-24 1.000000E-24 1.000000E-24 1.000000E-24 1.000000E-24 1.000000E-24
3.918363E+00 1.450025E+01 5.550561E-02 9.575781E+02 1.338803E+02 2.459629E-01 8.528016E-03 9.444944E-01 5.550561E-02 1.000000E-24 1.000000E-24 1.000000E-24 1.000000E-24 1.000000E-24 1.000000E-24 1.000000E-24
5.081058E+00 1.454025E+01 5.669358E-02 9.596363E+02 1.390477E+02 2.735943E-01 7.914894E-03 9.433064E-01 5.669358E-02 1.000000E-24 1.000000E-24 1.000000E-24 1.000000E-24 1.000000E-24 1.000000E-24 1.000000E-24
6.673427E+00 1.458025E+01 5.753049E-02 9.620866E+02 1.441043E+02 3.042093E-01 7.336396E-03 9.424695E-01 5.753049E-02 1.000000E-24 1.000000E-24 1.000000E-24 1.000000E-24 1.000000E-24 1.000000E-24 1.000000E-24
8.849005E+00 1.462025E+01 5.810434E-02 9.650376E+02 1.491073E+02 3.371706E-01 6.793215E-03 9.418957E-01 5.810434E-02 1.000000E-24 1.000000E-24 1.000000E-24 1.000000E-24 1.000000E-24 1.000000E-24 1.000000E-24
1.180166E+01 1.466025E+01 5.852082E-02 9.686188E+02 1.541378E+02 3.718539E-01 6.285884E-03 9.414792E-01 5.852082E-02 1.000000E-24 1.000000E-24 1.000000E-24 1.000000E-24 1.000000E-24 1.000000E-24 1.000000E-24
1.577328E+01 1.470025E+01 5.888877E-02 9.729810E+02 1.592913E+02 4.077677E-01 5.814589E-03 9.411112E-01 5.888877E-02 1.000000E-24 1.000000E-24 1.000000E-24 1.000000E-24 1.000000E-24 1.000000E-24 1.000000E-24
2.106558E+01 1.474025E+01 5.930455E-02 9.782971E+02 1.646628E+02 4.446310E-01 5.379050E-03 9.406955E-01 5.930455E-02 1.000000E-24 1.000000E-24 1.000000E-24 1.000000E-24 1.000000E-24 1.000000E-24 1.000000E-24
2.805836E+01 1.478025E+01 5.984083E-02 9.847634E+02 1.703356E+02 4.823796E-01 4.978518E-03 9.401592E-01 5.984083E-02 1.000000E-24 1.000000E-24 1.000000E-24 1.000000E-24 1.000000E-24 1.000000E-24 1.000000E-24
3.723790E+01 1.482025E+01 6.059189E-02 9.926112E+02 1.763599E+02 5.211142E-01 4.611778E-03 9.394081E-01 6.059189E-02 1.000000E-24 1.000000E-24 1.000000E-24 1.000000E-24 1.000000E-24 1.000000E-24 1.000000E-24
4.923238E+01 1.486025E+01 6.156597E-02 1.002094E+03 1.827893E+02 5.609567E-01 4.277483E-03 9.384340E-01 6.156597E-02 1.000000E-24 1.000000E-24 1.000000E-24 1.000000E-24 1.000000E-24 1.000000E-24 1.000000E-24
6.485851E+01 1.490025E+01 6.277227E-02 1.013505E+03 1.896772E+02 6.017967E-01 3.974150E-03 9.372277E-01 6.277227E-02 1.000000E-24 1.000000E-24 1.000000E-24 1.000000E-24 1.000000E-24 1.000000E-24 1.000000E-24
8.516262E+01 1.494025E+01 6.425307E-02 1.027189E+03 1.970959E+02 6.429676E-01 3.700291E-03 9.357469E-01 6.425307E-02 1.000000E-24 1.000000E-24 1.000000E-24 1.000000E-24 1.000000E-24 1.000000E-24 1.000000E-24
1.114304E+02 1.498025E+01 6.608226E-02 1.043542E+03 2.051580E+02 6.831192E-01 3.454473E-03 9.339177E-01 6.608226E-02 1.000000E-24 1.000000E-24 1.000000E-24 1.000000E-24 1.000000E-24 1.000000E-24 1.000000E-24
1.451503E+02 1.502025E+01 6.834262E-02 1.063005E+03 2.139972E+02 7.206188E-01 3.235192E-03 9.316574E-01 6.834262E-02 1.000000E-24 1.000000E-24 1.000000E-24 1.000000E-24 1.000000E-24 1.000000E-24 1.000000E-24
1.879794E+02 1.506025E+01 7.114577E-02 1.086068E+03 2.236765E+02 7.543942E-01 3.040570E-03 9.288542E-01 7.114577E-02 1.000000E-24 1.000000E-24 1.000000E-24 1.000000E-24 1.000000E-24 1.000000E-24 1.000000E-24
2.418055E+02 1.510025E+01 7.449331E-02 1.113230E+03 2.341462E+02 7.845526E-01 2.868253E-03 9.255067E-01 7.449331E-02 1.000000E-24 1.000000E-24 1.000000E-24 1.000000E-24 1.000000E-24 1.000000E-24 1.000000E-24
3.089303E+02 1.514025E+01 7.808056E-02 1.144962E+03 2.453094E+02 8.120357E-01 2.715540E-03 9.219194E-01 7.808056E-02 1.000000E-24 1.000000E-24 1.000000E-24 1.000000E-24 1.000000E-24 1.000000E-24 1.000000E-24
3.923363E+02 1.518025E+01 8.181166E-02 1.181827E+03 2.569395E+02 8.382816E-01 2.579628E-03 9.181883E-01 8.181166E-02 1.000000E-24 1.000000E-24 1.000000E-24 1.000000E-24 1.000000E-24 1.000000E-24 1.000000E-24
4.959284E+02 1.522025E+01 8.551484E-02 1.224428E+03 2.688506E+02 8.635980E-01 2.457971E-03 9.144852E-01 8.551484E-02 1.000000E-24 1.000000E-24 1.000000E-24 1.000000E-24 1.000000E-24 1.000000E-24 1.000000E-24
6.248668E+02 1.526025E+01 8.893330E-02 1.273426E+03 2.809454E+02 8.920171E-01 2.348316E-03 9.110667E-01 8.893330E-02 1.000000E-24 1.000000E-24 1.000000E-24 1.000000E-24 1.000000E-24 1.000000E-24 1.000000E-24
7.861764E+02 1.530025E+01 9.211695E-02 1.329705E+03 2.931003E+02 9.148913E-01 2.248801E-03 9.078831E-01 9.211695E-02 1.000000E-24 1.000000E-24 1.000000E-24 1.000000E-24 1.000000E-24 1.000000E-24 1.000000E-24
9.897556E+02 1.534025E+01 9.496770E-02 1.394290E+03 3.052950E+02 9.704057E-01 2.157837E-03 9.050323E-01 9.496770E-02 1.000000E-24 1.000000E-24 1.000000E-24 1.000000E-24 1.000000E-24 1.000000E-24 1.000000E-24
1.250550E+03 1.538025E+01 9.743120E-02 1.468544E+03 3.175369E+02 9.384745E-01 2.074092E-03 9.025688E-01 9.743120E-02 1.000000E-24 1.000000E-24 1.000000E-24 1.000000E-24 1.000000E-24 1.000000E-24 1.000000E-24
1.593673E+03 1.542025E+01 9.953563E-02 1.554427E+03 3.298361E+02 1.243411E+00 1.996482E-03 9.004644E-01 9.953563E-02 1.000000E-24 1.000000E-24 1.000000E-24 1.000000E-24 1.000000E-24 1.000000E-24 1.000000E-24
2.070166E+03 1.546025E+01 1.013920E-01 1.655123E+03 3.421962E+02 1.838964E-01 1.924155E-03 8.986080E-01 1.013920E-01 1.000000E-24 1.000000E-24 1.000000E-24 1.000000E-24 1.000000E-24 1.000000E-24 1.000000E-24
2.843489E+03 1.550025E+01 1.029789E-01 1.777152E+03 3.546643E+02 1.840086E-01 1.856358E-03 8.970211E-01 1.029789E-01 1.000000E-24 1.000000E-24 1.000000E-24 1.000000E-24 1.000000E-24 1.000000E-24 1.000000E-24
