 # 
 #     X                 Y estimated 
  #-------------------------------------
   0.0000  1.000000000000000E+00   0.000000000000000E+00
   0.0025  9.999989583338759E-01  -8.333328993055555E-04
   0.0050  9.999958333386381E-01  -1.666662519294142E-03
   0.0075  9.999906250264057E-01  -2.499985942672790E-03
   0.0100  9.999833334166732E-01  -3.333300000800948E-03
   0.0125  9.999739585367697E-01  -4.166601561799767E-03
   0.0150  9.999625004218454E-01  -4.999887499089578E-03
   0.0175  9.999489591148656E-01  -5.833154687313945E-03
   0.0200  9.999333346666085E-01  -6.666400001544367E-03
   0.0225  9.999156271356647E-01  -7.499620317074702E-03
   0.0250  9.998958365884364E-01  -8.332812509362048E-03
   0.0275  9.998739630991370E-01  -9.165973454012617E-03
   0.0300  9.998500067497907E-01  -9.999100026783694E-03
   0.0325  9.998239676302324E-01  -1.083218910359202E-02
   0.0350  9.997958458381067E-01  -1.166523756052500E-02
   0.0375  9.997656414788678E-01  -1.249824227385319E-02
   0.0400  9.997333546657794E-01  -1.333120012004351E-02
   0.0425  9.996989855199132E-01  -1.416410797577272E-02
   0.0450  9.996625341701494E-01  -1.499696271794110E-02
   0.0475  9.996240007531755E-01  -1.582976122368628E-02
   0.0500  9.995833854134858E-01  -1.666250037039704E-02
   0.0525  9.995406883033808E-01  -1.749517703572725E-02
   0.0550  9.994959095829666E-01  -1.832778809760973E-02
   0.0575  9.994490494201541E-01  -1.916033043427020E-02
   0.0600  9.994001079906583E-01  -1.999280092424117E-02
   0.0625  9.993490854779973E-01  -2.082519644637588E-02
   0.0650  9.992959820734918E-01  -2.165751387986223E-02
   0.0675  9.992407979762641E-01  -2.248975010423673E-02
   0.0700  9.991835333932371E-01  -2.332190199939837E-02
   0.0725  9.991241885391335E-01  -2.415396644562260E-02
   0.0750  9.990627636364752E-01  -2.498594032357523E-02
   0.0775  9.989992589155813E-01  -2.581782051432637E-02
   0.0800  9.989336746145681E-01  -2.664960389936434E-02
   0.0825  9.988660109793476E-01  -2.748128736060958E-02
   0.0850  9.987962682636264E-01  -2.831286778042858E-02
   0.0875  9.987244467289047E-01  -2.914434204164782E-02
   0.0900  9.986505466444748E-01  -2.997570702756762E-02
   0.0925  9.985745682874205E-01  -3.080695962197613E-02
   0.0950  9.984965119426152E-01  -3.163809670916318E-02
   0.0975  9.984163779027211E-01  -3.246911517393419E-02
   0.1000  9.983341664681876E-01  -3.330001190162412E-02
   0.1025  9.982498779472503E-01  -3.413078377811132E-02
   0.1050  9.981635126559292E-01  -3.496142768983144E-02
   0.1075  9.980750709180275E-01  -3.579194052379136E-02
   0.1100  9.979845530651303E-01  -3.662231916758304E-02
   0.1125  9.978919594366030E-01  -3.745256050939742E-02
   0.1150  9.977972903795896E-01  -3.828266143803834E-02
   0.1175  9.977005462490114E-01  -3.911261884293638E-02
   0.1200  9.976017274075651E-01  -3.994242961416274E-02
   0.1225  9.975008342257219E-01  -4.077209064244317E-02
   0.1250  9.973978670817248E-01  -4.160159881917178E-02
   0.1275  9.972928263615880E-01  -4.243095103642498E-02
   0.1300  9.971857124590942E-01  -4.326014418697528E-02
   0.1325  9.970765257757934E-01  -4.408917516430520E-02
   0.1350  9.969652667210012E-01  -4.491804086262111E-02
   0.1375  9.968519357117964E-01  -4.574673817686708E-02
   0.1400  9.967365331730199E-01  -4.657526400273878E-02
   0.1425  9.966190595372721E-01  -4.740361523669728E-02
   0.1450  9.964995152449115E-01  -4.823178877598290E-02
   0.1475  9.963779007440524E-01  -4.905978151862910E-02
   0.1500  9.962542164905630E-01  -4.988759036347627E-02
   0.1525  9.961284629480633E-01  -5.071521221018557E-02
   0.1550  9.960006405879234E-01  -5.154264395925279E-02
   0.1575  9.958707498892606E-01  -5.236988251202217E-02
   0.1600  9.957387913389383E-01  -5.319692477070018E-02
   0.1625  9.956047654315630E-01  -5.402376763836941E-02
   0.1650  9.954686726694824E-01  -5.485040801900230E-02
   0.1675  9.953305135627832E-01  -5.567684281747504E-02
   0.1700  9.951902886292888E-01  -5.650306893958130E-02
   0.1725  9.950479983945569E-01  -5.732908329204609E-02
   0.1750  9.949036433918772E-01  -5.815488278253951E-02
   0.1775  9.947572241622690E-01  -5.898046431969057E-02
   0.1800  9.946087412544788E-01  -5.980582481310097E-02
   0.1825  9.944581952249781E-01  -6.063096117335887E-02
   0.1850  9.943055866379604E-01  -6.145587031205271E-02
   0.1875  9.941509160653391E-01  -6.228054914178491E-02
   0.1900  9.939941840867448E-01  -6.310499457618571E-02
   0.1925  9.938353912895226E-01  -6.392920352992690E-02
   0.1950  9.936745382687299E-01  -6.475317291873559E-02
   0.1975  9.935116256271330E-01  -6.557689965940793E-02
   0.2000  9.933466539752054E-01  -6.640038066982290E-02
   0.2025  9.931796239311240E-01  -6.722361286895605E-02
   0.2050  9.930105361207673E-01  -6.804659317689320E-02
   0.2075  9.928393911777119E-01  -6.886931851484419E-02
   0.2100  9.926661897432302E-01  -6.969178580515664E-02
   0.2125  9.924909324662871E-01  -7.051399197132961E-02
   0.2150  9.923136200035373E-01  -7.133593393802737E-02
   0.2175  9.921342530193225E-01  -7.215760863109308E-02
   0.2200  9.919528321856682E-01  -7.297901297756249E-02
   0.2225  9.917693581822810E-01  -7.380014390567764E-02
   0.2250  9.915838316965450E-01  -7.462099834490060E-02
   0.2275  9.913962534235193E-01  -7.544157322592709E-02
   0.2300  9.912066240659350E-01  -7.626186548070019E-02
   0.2325  9.910149443341911E-01  -7.708187204242399E-02
   0.2350  9.908212149463527E-01  -7.790158984557731E-02
   0.2375  9.906254366281466E-01  -7.872101582592730E-02
   0.2400  9.904276101129589E-01  -7.954014692054318E-02
   0.2425  9.902277361418311E-01  -8.035898006780977E-02
   0.2450  9.900258154634574E-01  -8.117751220744124E-02
   0.2475  9.898218488341806E-01  -8.199574028049468E-02
   0.2500  9.896158370179895E-01  -8.281366122938377E-02
   0.2525  9.894077807865151E-01  -8.363127199789240E-02
   0.2550  9.891976809190273E-01  -8.444856953118823E-02
   0.2575  9.889855382024311E-01  -8.526555077583640E-02
   0.2600  9.887713534312633E-01  -8.608221267981303E-02
   0.2625  9.885551274076894E-01  -8.689855219251889E-02
   0.2650  9.883368609414991E-01  -8.771456626479296E-02
   0.2675  9.881165548501035E-01  -8.853025184892599E-02
   0.2700  9.878942099585312E-01  -8.934560589867414E-02
   0.2725  9.876698270994242E-01  -9.016062536927248E-02
   0.2750  9.874434071130349E-01  -9.097530721744859E-02
   0.2775  9.872149508472219E-01  -9.178964840143609E-02
   0.2800  9.869844591574463E-01  -9.260364588098823E-02
   0.2825  9.867519329067678E-01  -9.341729661739136E-02
   0.2850  9.865173729658411E-01  -9.423059757347853E-02
   0.2875  9.862807802129119E-01  -9.504354571364296E-02
   0.2900  9.860421555338128E-01  -9.585613800385161E-02
   0.2925  9.858014998219595E-01  -9.666837141165863E-02
   0.2950  9.855588139783471E-01  -9.748024290621890E-02
   0.2975  9.853140989115454E-01  -9.829174945830152E-02
   0.3000  9.850673555376956E-01  -9.910288804030329E-02
   0.3025  9.848185847805057E-01  -9.991365562626217E-02
   0.3050  9.845677875712463E-01  -1.007240491918708E-01
   0.3075  9.843149648487471E-01  -1.015340657144898E-01
   0.3100  9.840601175593922E-01  -1.023437021731617E-01
   0.3125  9.838032466571157E-01  -1.031529555486235E-01
   0.3150  9.835443531033981E-01  -1.039618228233212E-01
   0.3175  9.832834378672614E-01  -1.047703009814222E-01
   0.3200  9.830205019252650E-01  -1.055783870088295E-01
   0.3225  9.827555462615015E-01  -1.063860778931947E-01
   0.3250  9.824885718675922E-01  -1.071933706239315E-01
   0.3275  9.822195797426824E-01  -1.080002621922292E-01
   0.3300  9.819485708934373E-01  -1.088067495910658E-01
   0.3325  9.816755463340378E-01  -1.096128298152217E-01
   0.3350  9.814005070861749E-01  -1.104184998612930E-01
   0.3375  9.811234541790462E-01  -1.112237567277045E-01
   0.3400  9.808443886493511E-01  -1.120285974147238E-01
   0.3425  9.805633115412856E-01  -1.128330189244738E-01
   0.3450  9.802802239065384E-01  -1.136370182609466E-01
   0.3475  9.799951268042856E-01  -1.144405924300165E-01
   0.3500  9.797080213011865E-01  -1.152437384394538E-01
   0.3525  9.794189084713785E-01  -1.160464532989374E-01
   0.3550  9.791277893964724E-01  -1.168487340200686E-01
   0.3575  9.788346651655475E-01  -1.176505776163843E-01
   0.3600  9.785395368751469E-01  -1.184519811033701E-01
   0.3625  9.782424056292726E-01  -1.192529414984739E-01
   0.3650  9.779432725393803E-01  -1.200534558211188E-01
   0.3675  9.776421387243749E-01  -1.208535210927165E-01
   0.3700  9.773390053106051E-01  -1.216531343366805E-01
   0.3725  9.770338734318587E-01  -1.224522925784396E-01
   0.3750  9.767267442293572E-01  -1.232509928454508E-01
   0.3775  9.764176188517512E-01  -1.240492321672124E-01
   0.3800  9.761064984551147E-01  -1.248470075752776E-01
   0.3825  9.757933842029403E-01  -1.256443161032675E-01
   0.3850  9.754782772661340E-01  -1.264411547868841E-01
   0.3875  9.751611788230100E-01  -1.272375206639240E-01
   0.3900  9.748420900592853E-01  -1.280334107742908E-01
   0.3925  9.745210121680745E-01  -1.288288221600089E-01
   0.3950  9.741979463498844E-01  -1.296237518652363E-01
   0.3975  9.738728938126089E-01  -1.304181969362779E-01
   0.4000  9.735458557715232E-01  -1.312121544215984E-01
   0.4025  9.732168334492789E-01  -1.320056213718356E-01
   0.4050  9.728858280758981E-01  -1.327985948398137E-01
   0.4075  9.725528408887680E-01  -1.335910718805557E-01
   0.4100  9.722178731326357E-01  -1.343830495512973E-01
   0.4125  9.718809260596024E-01  -1.351745249114992E-01
   0.4150  9.715420009291178E-01  -1.359654950228610E-01
   0.4175  9.712010990079744E-01  -1.367559569493332E-01
   0.4200  9.708582215703021E-01  -1.375459077571314E-01
   0.4225  9.705133698975626E-01  -1.383353445147483E-01
   0.4250  9.701665452785434E-01  -1.391242642929673E-01
   0.4275  9.698177490093519E-01  -1.399126641648753E-01
   0.4300  9.694669823934103E-01  -1.407005412058758E-01
   0.4325  9.691142467414491E-01  -1.414878924937017E-01
   0.4350  9.687595433715016E-01  -1.422747151084285E-01
   0.4375  9.684028736088981E-01  -1.430610061324870E-01
   0.4400  9.680442387862597E-01  -1.438467626506765E-01
   0.4425  9.676836402434925E-01  -1.446319817501774E-01
   0.4450  9.673210793277820E-01  -1.454166605205646E-01
   0.4475  9.669565573935863E-01  -1.462007960538198E-01
   0.4500  9.665900758026308E-01  -1.469843854443450E-01
   0.4525  9.662216359239018E-01  -1.477674257889751E-01
   0.4550  9.658512391336403E-01  -1.485499141869905E-01
   0.4575  9.654788868153364E-01  -1.493318477401306E-01
   0.4600  9.651045803597226E-01  -1.501132235526060E-01
   0.4625  9.647283211647674E-01  -1.508940387311119E-01
   0.4650  9.643501106356699E-01  -1.516742903848405E-01
   0.4675  9.639699501848530E-01  -1.524539756254940E-01
   0.4700  9.635878412319571E-01  -1.532330915672974E-01
   0.4725  9.632037852038339E-01  -1.540116353270111E-01
   0.4750  9.628177835345400E-01  -1.547896040239441E-01
   0.4775  9.624298376653305E-01  -1.555669947799663E-01
   0.4800  9.620399490446528E-01  -1.563438047195216E-01
   0.4825  9.616481191281399E-01  -1.571200309696404E-01
   0.4850  9.612543493786035E-01  -1.578956706599525E-01
   0.4875  9.608586412660287E-01  -1.586707209226996E-01
   0.4900  9.604609962675663E-01  -1.594451788927482E-01
   0.4925  9.600614158675267E-01  -1.602190417076022E-01
   0.4950  9.596599015573732E-01  -1.609923065074158E-01
   0.4975  9.592564548357155E-01  -1.617649704350057E-01
   0.5000  9.588510772083029E-01  -1.625370306358640E-01
   0.5025  9.584437701880174E-01  -1.633084842581712E-01
   0.5050  9.580345352948675E-01  -1.640793284528080E-01
   0.5075  9.576233740559809E-01  -1.648495603733688E-01
   0.5100  9.572102880055979E-01  -1.656191771761736E-01
   0.5125  9.567952786850648E-01  -1.663881760202810E-01
   0.5150  9.563783476428264E-01  -1.671565540675006E-01
   0.5175  9.559594964344199E-01  -1.679243084824056E-01
   0.5200  9.555387266224675E-01  -1.686914364323454E-01
   0.5225  9.551160397766696E-01  -1.694579350874580E-01
   0.5250  9.546914374737976E-01  -1.702238016206826E-01
   0.5275  9.542649212976871E-01  -1.709890332077720E-01
   0.5300  9.538364928392309E-01  -1.717536270273055E-01
   0.5325  9.534061536963716E-01  -1.725175802607006E-01
   0.5350  9.529739054740948E-01  -1.732808900922264E-01
   0.5375  9.525397497844219E-01  -1.740435537090152E-01
   0.5400  9.521036882464028E-01  -1.748055683010754E-01
   0.5425  9.516657224861088E-01  -1.755669310613041E-01
   0.5450  9.512258541366254E-01  -1.763276391854987E-01
   0.5475  9.507840848380449E-01  -1.770876898723704E-01
   0.5500  9.503404162374591E-01  -1.778470803235556E-01
   0.5525  9.498948499889522E-01  -1.786058077436289E-01
   0.5550  9.494473877535932E-01  -1.793638693401152E-01
   0.5575  9.489980311994284E-01  -1.801212623235018E-01
   0.5600  9.485467820014745E-01  -1.808779839072513E-01
   0.5625  9.480936418417106E-01  -1.816340313078134E-01
   0.5650  9.476386124090711E-01  -1.823894017446376E-01
   0.5675  9.471816953994378E-01  -1.831440924401849E-01
   0.5700  9.467228925156326E-01  -1.838981006199407E-01
   0.5725  9.462622054674100E-01  -1.846514235124268E-01
   0.5750  9.457996359714494E-01  -1.854040583492134E-01
   0.5775  9.453351857513475E-01  -1.861560023649316E-01
   0.5800  9.448688565376102E-01  -1.869072527972856E-01
   0.5825  9.444006500676457E-01  -1.876578068870648E-01
   0.5850  9.439305680857564E-01  -1.884076618781559E-01
   0.5875  9.434586123431307E-01  -1.891568150175553E-01
   0.5900  9.429847845978359E-01  -1.899052635553810E-01
   0.5925  9.425090866148099E-01  -1.906530047448848E-01
   0.5950  9.420315201658539E-01  -1.914000358424645E-01
   0.5975  9.415520870296238E-01  -1.921463541076760E-01
   0.6000  9.410707889916228E-01  -1.928919568032452E-01
   0.6025  9.405876278441933E-01  -1.936368411950802E-01
   0.6050  9.401026053865088E-01  -1.943810045522835E-01
   0.6075  9.396157234245663E-01  -1.951244441471637E-01
   0.6100  9.391269837711780E-01  -1.958671572552478E-01
   0.6125  9.386363882459628E-01  -1.966091411552932E-01
   0.6150  9.381439386753392E-01  -1.973503931292993E-01
   0.6175  9.376496368925163E-01  -1.980909104625202E-01
   0.6200  9.371534847374862E-01  -1.988306904434758E-01
   0.6225  9.366554840570154E-01  -1.995697303639645E-01
   0.6250  9.361556367046369E-01  -2.003080275190747E-01
   0.6275  9.356539445406419E-01  -2.010455792071968E-01
   0.6300  9.351504094320714E-01  -2.017823827300352E-01
   0.6325  9.346450332527080E-01  -2.025184353926199E-01
   0.6350  9.341378178830676E-01  -2.032537345033188E-01
   0.6375  9.336287652103910E-01  -2.039882773738491E-01
   0.6400  9.331178771286354E-01  -2.047220613192895E-01
   0.6425  9.326051555384661E-01  -2.054550836580918E-01
   0.6450  9.320906023472483E-01  -2.061873417120926E-01
   0.6475  9.315742194690380E-01  -2.069188328065254E-01
   0.6500  9.310560088245741E-01  -2.076495542700321E-01
   0.6525  9.305359723412695E-01  -2.083795034346750E-01
   0.6550  9.300141119532028E-01  -2.091086776359482E-01
   0.6575  9.294904296011095E-01  -2.098370742127896E-01
   0.6600  9.289649272323733E-01  -2.105646905075924E-01
   0.6625  9.284376068010178E-01  -2.112915238662168E-01
   0.6650  9.279084702676974E-01  -2.120175716380021E-01
   0.6675  9.273775195996889E-01  -2.127428311757776E-01
   0.6700  9.268447567708827E-01  -2.134672998358747E-01
   0.6725  9.263101837617739E-01  -2.141909749781386E-01
   0.6750  9.257738025594535E-01  -2.149138539659396E-01
   0.6775  9.252356151575999E-01  -2.156359341661849E-01
   0.6800  9.246956235564696E-01  -2.163572129493299E-01
   0.6825  9.241538297628886E-01  -2.170776876893900E-01
   0.6850  9.236102357902434E-01  -2.177973557639521E-01
   0.6875  9.230648436584719E-01  -2.185162145541862E-01
   0.6900  9.225176553940548E-01  -2.192342614448564E-01
   0.6925  9.219686730300064E-01  -2.199514938243329E-01
   0.6950  9.214178986058653E-01  -2.206679090846035E-01
   0.6975  9.208653341676858E-01  -2.213835046212845E-01
   0.7000  9.203109817680286E-01  -2.220982778336327E-01
   0.7025  9.197548434659516E-01  -2.228122261245564E-01
   0.7050  9.191969213270009E-01  -2.235253469006270E-01
   0.7075  9.186372174232017E-01  -2.242376375720904E-01
   0.7100  9.180757338330489E-01  -2.249490955528781E-01
   0.7125  9.175124726414977E-01  -2.256597182606191E-01
   0.7150  9.169474359399550E-01  -2.263695031166503E-01
   0.7175  9.163806258262694E-01  -2.270784475460287E-01
   0.7200  9.158120444047225E-01  -2.277865489775422E-01
   0.7225  9.152416937860189E-01  -2.284938048437210E-01
   0.7250  9.146695760872776E-01  -2.292002125808488E-01
   0.7275  9.140956934320218E-01  -2.299057696289740E-01
   0.7300  9.135200479501699E-01  -2.306104734319211E-01
   0.7325  9.129426417780263E-01  -2.313143214373016E-01
   0.7350  9.123634770582714E-01  -2.320173110965253E-01
   0.7375  9.117825559399523E-01  -2.327194398648116E-01
   0.7400  9.111998805784733E-01  -2.334207052012006E-01
   0.7425  9.106154531355866E-01  -2.341211045685637E-01
   0.7450  9.100292757793820E-01  -2.348206354336157E-01
   0.7475  9.094413506842778E-01  -2.355192952669248E-01
   0.7500  9.088516800310112E-01  -2.362170815429246E-01
   0.7525  9.082602660066285E-01  -2.369139917399242E-01
   0.7550  9.076671108044750E-01  -2.376100233401203E-01
   0.7575  9.070722166241862E-01  -2.383051738296072E-01
   0.7600  9.064755856716771E-01  -2.389994406983884E-01
   0.7625  9.058772201591327E-01  -2.396928214403874E-01
   0.7650  9.052771223049988E-01  -2.403853135534586E-01
   0.7675  9.046752943339710E-01  -2.410769145393983E-01
   0.7700  9.040717384769859E-01  -2.417676219039556E-01
   0.7725  9.034664569712105E-01  -2.424574331568431E-01
   0.7750  9.028594520600328E-01  -2.431463458117482E-01
   0.7775  9.022507259930516E-01  -2.438343573863434E-01
   0.7800  9.016402810260662E-01  -2.445214654022977E-01
   0.7825  9.010281194210671E-01  -2.452076673852870E-01
   0.7850  9.004142434462253E-01  -2.458929608650051E-01
   0.7875  8.997986553758829E-01  -2.465773433751743E-01
   0.7900  8.991813574905422E-01  -2.472608124535564E-01
   0.7925  8.985623520768563E-01  -2.479433656419632E-01
   0.7950  8.979416414276187E-01  -2.486250004862673E-01
   0.7975  8.973192278417530E-01  -2.493057145364129E-01
   0.8000  8.966951136243030E-01  -2.499855053464264E-01
   0.8025  8.960693010864221E-01  -2.506643704744269E-01
   0.8050  8.954417925453636E-01  -2.513423074826371E-01
   0.8075  8.948125903244698E-01  -2.520193139373940E-01
   0.8100  8.941816967531621E-01  -2.526953874091588E-01
   0.8125  8.935491141669306E-01  -2.533705254725284E-01
   0.8150  8.929148449073238E-01  -2.540447257062454E-01
   0.8175  8.922788913219379E-01  -2.547179856932087E-01
   0.8200  8.916412557644070E-01  -2.553903030204843E-01
   0.8225  8.910019405943921E-01  -2.560616752793153E-01
   0.8250  8.903609481775708E-01  -2.567321000651329E-01
   0.8275  8.897182808856271E-01  -2.574015749775666E-01
   0.8300  8.890739410962405E-01  -2.580700976204545E-01
   0.8325  8.884279311930756E-01  -2.587376656018540E-01
   0.8350  8.877802535657718E-01  -2.594042765340521E-01
   0.8375  8.871309106099322E-01  -2.600699280335755E-01
   0.8400  8.864799047271135E-01  -2.607346177212016E-01
   0.8425  8.858272383248149E-01  -2.613983432219681E-01
   0.8450  8.851729138164679E-01  -2.620611021651838E-01
   0.8475  8.845169336214252E-01  -2.627228921844387E-01
   0.8500  8.838593001649504E-01  -2.633837109176144E-01
   0.8525  8.832000158782067E-01  -2.640435560068942E-01
   0.8550  8.825390831982467E-01  -2.647024250987732E-01
   0.8575  8.818765045680013E-01  -2.653603158440690E-01
   0.8600  8.812122824362688E-01  -2.660172258979315E-01
   0.8625  8.805464192577045E-01  -2.666731529198532E-01
   0.8650  8.798789174928092E-01  -2.673280945736792E-01
   0.8675  8.792097796079189E-01  -2.679820485276175E-01
   0.8700  8.785390080751935E-01  -2.686350124542490E-01
   0.8725  8.778666053726059E-01  -2.692869840305377E-01
   0.8750  8.771925739839312E-01  -2.699379609378407E-01
   0.8775  8.765169163987357E-01  -2.705879408619180E-01
   0.8800  8.758396351123656E-01  -2.712369214929430E-01
   0.8825  8.751607326259361E-01  -2.718849005255122E-01
   0.8850  8.744802114463205E-01  -2.725318756586551E-01
   0.8875  8.737980740861391E-01  -2.731778445958445E-01
   0.8900  8.731143230637477E-01  -2.738228050450060E-01
   0.8925  8.724289609032267E-01  -2.744667547185282E-01
   0.8950  8.717419901343704E-01  -2.751096913332726E-01
   0.8975  8.710534132926746E-01  -2.757516126105832E-01
   0.9000  8.703632329193268E-01  -2.763925162762967E-01
   0.9025  8.696714515611939E-01  -2.770324000607521E-01
   0.9050  8.689780717708113E-01  -2.776712616988006E-01
   0.9075  8.682830961063720E-01  -2.783090989298153E-01
   0.9100  8.675865271317145E-01  -2.789459094977009E-01
   0.9125  8.668883674163120E-01  -2.795816911509039E-01
   0.9150  8.661886195352611E-01  -2.802164416424217E-01
   0.9175  8.654872860692697E-01  -2.808501587298126E-01
   0.9200  8.647843696046467E-01  -2.814828401752053E-01
   0.9225  8.640798727332895E-01  -2.821144837453090E-01
   0.9250  8.633737980526731E-01  -2.827450872114224E-01
   0.9275  8.626661481658388E-01  -2.833746483494438E-01
   0.9300  8.619569256813819E-01  -2.840031649398805E-01
   0.9325  8.612461332134411E-01  -2.846306347678583E-01
   0.9350  8.605337733816862E-01  -2.852570556231311E-01
   0.9375  8.598198488113071E-01  -2.858824253000905E-01
   0.9400  8.591043621330016E-01  -2.865067415977751E-01
   0.9425  8.583873159829642E-01  -2.871300023198802E-01
   0.9450  8.576687130028746E-01  -2.877522052747672E-01
   0.9475  8.569485558398853E-01  -2.883733482754727E-01
   0.9500  8.562268471466107E-01  -2.889934291397184E-01
   0.9525  8.555035895811148E-01  -2.896124456899202E-01
   0.9550  8.547787858068999E-01  -2.902303957531976E-01
   0.9575  8.540524384928945E-01  -2.908472771613831E-01
   0.9600  8.533245503134416E-01  -2.914630877510315E-01
   0.9625  8.525951239482868E-01  -2.920778253634289E-01
   0.9650  8.518641620825669E-01  -2.926914878446024E-01
   0.9675  8.511316674067972E-01  -2.933040730453293E-01
   0.9700  8.503976426168607E-01  -2.939155788211461E-01
   0.9725  8.496620904139951E-01  -2.945260030323577E-01
   0.9750  8.489250135047816E-01  -2.951353435440467E-01
   0.9775  8.481864146011326E-01  -2.957435982260826E-01
   0.9800  8.474462964202800E-01  -2.963507649531308E-01
   0.9825  8.467046616847630E-01  -2.969568416046618E-01
   0.9850  8.459615131224159E-01  -2.975618260649602E-01
   0.9875  8.452168534663563E-01  -2.981657162231338E-01
   0.9900  8.444706854549734E-01  -2.987685099731227E-01
   0.9925  8.437230118319150E-01  -2.993702052137081E-01
   0.9950  8.429738353460761E-01  -2.999707998485218E-01
   0.9975  8.422231587515865E-01  -3.005702917860544E-01
   1.0000  8.414709848077988E-01  -3.011686789396649E-01
   1.0025  8.407173162792760E-01  -3.017659592275893E-01
   1.0050  8.399621559357795E-01  -3.023621305729497E-01
   1.0075  8.392055065522566E-01  -3.029571909037628E-01
   1.0100  8.384473709088285E-01  -3.035511381529493E-01
   1.0125  8.376877517907780E-01  -3.041439702583423E-01
   1.0150  8.369266519885373E-01  -3.047356851626961E-01
   1.0175  8.361640742976755E-01  -3.053262808136952E-01
   1.0200  8.354000215188859E-01  -3.059157551639631E-01
   1.0225  8.346344964579747E-01  -3.065041061710707E-01
   1.0250  8.338675019258476E-01  -3.070913317975453E-01
   1.0275  8.330990407384977E-01  -3.076774300108791E-01
   1.0300  8.323291157169935E-01  -3.082623987835381E-01
   1.0325  8.315577296874659E-01  -3.088462360929705E-01
   1.0350  8.307848854810959E-01  -3.094289399216152E-01
   1.0375  8.300105859341022E-01  -3.100105082569108E-01
   1.0400  8.292348338877286E-01  -3.105909390913041E-01
   1.0425  8.284576321882317E-01  -3.111702304222580E-01
   1.0450  8.276789836868679E-01  -3.117483802522609E-01
   1.0475  8.268988912398814E-01  -3.123253865888346E-01
   1.0500  8.261173577084909E-01  -3.129012474445430E-01
   1.0525  8.253343859588779E-01  -3.134759608370004E-01
   1.0550  8.245499788621730E-01  -3.140495247888803E-01
   1.0575  8.237641392944440E-01  -3.146219373279231E-01
   1.0600  8.229768701366832E-01  -3.151931964869452E-01
   1.0625  8.221881742747942E-01  -3.157633003038468E-01
   1.0650  8.213980545995797E-01  -3.163322468216205E-01
   1.0675  8.206065140067285E-01  -3.169000340883596E-01
   1.0700  8.198135553968026E-01  -3.174666601572663E-01
   1.0725  8.190191816752248E-01  -3.180321230866597E-01
   1.0750  8.182233957522658E-01  -3.185964209399847E-01
   1.0775  8.174262005430309E-01  -3.191595517858195E-01
   1.0800  8.166275989674480E-01  -3.197215136978839E-01
   1.0825  8.158275939502537E-01  -3.202823047550478E-01
   1.0850  8.150261884209816E-01  -3.208419230413392E-01
   1.0875  8.142233853139483E-01  -3.214003666459519E-01
   1.0900  8.134191875682412E-01  -3.219576336632541E-01
   1.0925  8.126135981277051E-01  -3.225137221927962E-01
   1.0950  8.118066199409295E-01  -3.230686303393187E-01
   1.0975  8.109982559612359E-01  -3.236223562127605E-01
   1.1000  8.101885091466638E-01  -3.241748979282667E-01
   1.1025  8.093773824599590E-01  -3.247262536061964E-01
   1.1050  8.085648788685594E-01  -3.252764213721310E-01
   1.1075  8.077510013445826E-01  -3.258253993568818E-01
   1.1100  8.069357528648125E-01  -3.263731856964979E-01
   1.1125  8.061191364106864E-01  -3.269197785322741E-01
   1.1150  8.053011549682820E-01  -3.274651760107589E-01
   1.1175  8.044818115283038E-01  -3.280093762837618E-01
   1.1200  8.036611090860701E-01  -3.285523775083617E-01
   1.1225  8.028390506415002E-01  -3.290941778469141E-01
   1.1250  8.020156391991007E-01  -3.296347754670593E-01
   1.1275  8.011908777679526E-01  -3.301741685417297E-01
   1.1300  8.003647693616980E-01  -3.307123552491574E-01
   1.1325  7.995373169985265E-01  -3.312493337728826E-01
   1.1350  7.987085237011624E-01  -3.317851023017601E-01
   1.1375  7.978783924968513E-01  -3.323196590299679E-01
   1.1400  7.970469264173466E-01  -3.328530021570141E-01
   1.1425  7.962141284988964E-01  -3.333851298877448E-01
   1.1450  7.953800017822296E-01  -3.339160404323513E-01
   1.1475  7.945445493125433E-01  -3.344457320063782E-01
   1.1500  7.937077741394889E-01  -3.349742028307299E-01
   1.1525  7.928696793171589E-01  -3.355014511316790E-01
   1.1550  7.920302679040735E-01  -3.360274751408731E-01
   1.1575  7.911895429631667E-01  -3.365522730953424E-01
   1.1600  7.903475075617735E-01  -3.370758432375072E-01
   1.1625  7.895041647716161E-01  -3.375981838151849E-01
   1.1650  7.886595176687902E-01  -3.381192930815976E-01
   1.1675  7.878135693337518E-01  -3.386391692953791E-01
   1.1700  7.869663228513036E-01  -3.391578107205826E-01
   1.1725  7.861177813105814E-01  -3.396752156266873E-01
   1.1750  7.852679478050403E-01  -3.401913822886064E-01
   1.1775  7.844168254324414E-01  -3.407063089866934E-01
   1.1800  7.835644172948384E-01  -3.412199940067500E-01
   1.1825  7.827107264985632E-01  -3.417324356400327E-01
   1.1850  7.818557561542131E-01  -3.422436321832603E-01
   1.1875  7.809995093766366E-01  -3.427535819386206E-01
   1.1900  7.801419892849201E-01  -3.432622832137779E-01
   1.1925  7.792831990023735E-01  -3.437697343218795E-01
   1.1950  7.784231416565176E-01  -3.442759335815630E-01
   1.1975  7.775618203790692E-01  -3.447808793169633E-01
   1.2000  7.766992383059281E-01  -3.452845698577195E-01
   1.2025  7.758353985771633E-01  -3.457870035389816E-01
   1.2050  7.749703043369988E-01  -3.462881787014176E-01
   1.2075  7.741039587338000E-01  -3.467880936912204E-01
   1.2100  7.732363649200600E-01  -3.472867468601146E-01
   1.2125  7.723675260523857E-01  -3.477841365653632E-01
   1.2150  7.714974452914838E-01  -3.482802611697744E-01
   1.2175  7.706261258021471E-01  -3.487751190417084E-01
   1.2200  7.697535707532406E-01  -3.492687085550843E-01
   1.2225  7.688797833176875E-01  -3.497610280893864E-01
   1.2250  7.680047666724552E-01  -3.502520760296713E-01
   1.2275  7.671285239985418E-01  -3.507418507665742E-01
   1.2300  7.662510584809615E-01  -3.512303506963159E-01
   1.2325  7.653723733087312E-01  -3.517175742207088E-01
   1.2350  7.644924716748561E-01  -3.522035197471643E-01
   1.2375  7.636113567763161E-01  -3.526881856886985E-01
   1.2400  7.627290318140512E-01  -3.531715704639393E-01
   1.2425  7.618454999929480E-01  -3.536536724971326E-01
   1.2450  7.609607645218256E-01  -3.541344902181490E-01
   1.2475  7.600748286134211E-01  -3.546140220624898E-01
   1.2500  7.591876954843760E-01  -3.550922664712938E-01
   1.2525  7.582993683552218E-01  -3.555692218913438E-01
   1.2550  7.574098504503661E-01  -3.560448867750723E-01
   1.2575  7.565191449980783E-01  -3.565192595805685E-01
   1.2600  7.556272552304752E-01  -3.569923387715843E-01
   1.2625  7.547341843835078E-01  -3.574641228175405E-01
   1.2650  7.538399356969459E-01  -3.579346101935332E-01
   1.2675  7.529445124143644E-01  -3.584037993803401E-01
   1.2700  7.520479177831297E-01  -3.588716888644263E-01
   1.2725  7.511501550543844E-01  -3.593382771379509E-01
   1.2750  7.502512274830339E-01  -3.598035626987729E-01
   1.2775  7.493511383277315E-01  -3.602675440504572E-01
   1.2800  7.484498908508648E-01  -3.607302197022811E-01
   1.2825  7.475474883185408E-01  -3.611915881692400E-01
   1.2850  7.466439340005719E-01  -3.616516479720532E-01
   1.2875  7.457392311704618E-01  -3.621103976371707E-01
   1.2900  7.448333831053906E-01  -3.625678356967782E-01
   1.2925  7.439263930862009E-01  -3.630239606888039E-01
   1.2950  7.430182643973832E-01  -3.634787711569237E-01
   1.2975  7.421090003270616E-01  -3.639322656505677E-01
   1.3000  7.411986041669797E-01  -3.643844427249257E-01
   1.3025  7.402870792124856E-01  -3.648353009409528E-01
   1.3050  7.393744287625179E-01  -3.652848388653759E-01
   1.3075  7.384606561195912E-01  -3.657330550706989E-01
   1.3100  7.375457645897817E-01  -3.661799481352086E-01
   1.3125  7.366297574827124E-01  -3.666255166429806E-01
   1.3150  7.357126381115391E-01  -3.670697591838847E-01
   1.3175  7.347944097929355E-01  -3.675126743535907E-01
   1.3200  7.338750758470791E-01  -3.679542607535741E-01
   1.3225  7.329546395976363E-01  -3.683945169911217E-01
   1.3250  7.320331043717480E-01  -3.688334416793370E-01
   1.3275  7.311104735000149E-01  -3.692710334371459E-01
   1.3300  7.301867503164835E-01  -3.697072908893024E-01
   1.3325  7.292619381586308E-01  -3.701422126663937E-01
   1.3350  7.283360403673503E-01  -3.705757974048460E-01
   1.3375  7.274090602869369E-01  -3.710080437469297E-01
   1.3400  7.264810012650725E-01  -3.714389503407651E-01
   1.3425  7.255518666528116E-01  -3.718685158403274E-01
   1.3450  7.246216598045662E-01  -3.722967389054525E-01
   1.3475  7.236903840780915E-01  -3.727236182018419E-01
   1.3500  7.227580428344712E-01  -3.731491524010683E-01
   1.3525  7.218246394381026E-01  -3.735733401805809E-01
   1.3550  7.208901772566819E-01  -3.739961802237102E-01
   1.3575  7.199546596611900E-01  -3.744176712196738E-01
   1.3600  7.190180900258769E-01  -3.748378118635813E-01
   1.3625  7.180804717282478E-01  -3.752566008564394E-01
   1.3650  7.171418081490480E-01  -3.756740369051571E-01
   1.3675  7.162021026722480E-01  -3.760901187225510E-01
   1.3700  7.152613586850290E-01  -3.765048450273500E-01
   1.3725  7.143195795777679E-01  -3.769182145442006E-01
   1.3750  7.133767687440226E-01  -3.773302260036719E-01
   1.3775  7.124329295805170E-01  -3.777408781422605E-01
   1.3800  7.114880654871266E-01  -3.781501697023956E-01
   1.3825  7.105421798668634E-01  -3.785580994324436E-01
   1.3850  7.095952761258609E-01  -3.789646660867136E-01
   1.3875  7.086473576733595E-01  -3.793698684254618E-01
   1.3900  7.076984279216914E-01  -3.797737052148962E-01
   1.3925  7.067484902862660E-01  -3.801761752271821E-01
   1.3950  7.057975481855546E-01  -3.805772772404462E-01
   1.3975  7.048456050410761E-01  -3.809770100387818E-01
   1.4000  7.038926642773814E-01  -3.813753724122533E-01
   1.4025  7.029387293220388E-01  -3.817723631569011E-01
   1.4050  7.019838036056192E-01  -3.821679810747459E-01
   1.4075  7.010278905616807E-01  -3.825622249737938E-01
   1.4100  7.000709936267542E-01  -3.829550936680409E-01
   1.4125  6.991131162403278E-01  -3.833465859774773E-01
   1.4150  6.981542618448324E-01  -3.837367007280924E-01
   1.4175  6.971944338856263E-01  -3.841254367518789E-01
   1.4200  6.962336358109803E-01  -3.845127928868378E-01
   1.4225  6.952718710720628E-01  -3.848987679769822E-01
   1.4250  6.943091431229244E-01  -3.852833608723426E-01
   1.4275  6.933454554204833E-01  -3.856665704289705E-01
   1.4300  6.923808114245100E-01  -3.860483955089432E-01
   1.4325  6.914152145976123E-01  -3.864288349803682E-01
   1.4350  6.904486684052202E-01  -3.868078877173874E-01
   1.4375  6.894811763155706E-01  -3.871855526001816E-01
   1.4400  6.885127417996926E-01  -3.875618285149742E-01
   1.4425  6.875433683313922E-01  -3.879367143540362E-01
   1.4450  6.865730593872370E-01  -3.883102090156900E-01
   1.4475  6.856018184465413E-01  -3.886823114043137E-01
   1.4500  6.846296489913509E-01  -3.890530204303451E-01
   1.4525  6.836565545064280E-01  -3.894223350102859E-01
   1.4550  6.826825384792358E-01  -3.897902540667062E-01
   1.4575  6.817076043999235E-01  -3.901567765282478E-01
   1.4600  6.807317557613113E-01  -3.905219013296288E-01
   1.4625  6.797549960588748E-01  -3.908856274116477E-01
   1.4650  6.787773287907301E-01  -3.912479537211868E-01
   1.4675  6.777987574576184E-01  -3.916088792112167E-01
   1.4700  6.768192855628911E-01  -3.919684028408000E-01
   1.4725  6.758389166124938E-01  -3.923265235750954E-01
   1.4750  6.748576541149522E-01  -3.926832403853611E-01
   1.4775  6.738755015813559E-01  -3.930385522489591E-01
   1.4800  6.728924625253434E-01  -3.933924581493587E-01
   1.4825  6.719085404630871E-01  -3.937449570761409E-01
   1.4850  6.709237389132777E-01  -3.940960480250010E-01
   1.4875  6.699380613971090E-01  -3.944457299977536E-01
   1.4900  6.689515114382625E-01  -3.947940020023352E-01
   1.4925  6.679640925628924E-01  -3.951408630528087E-01
   1.4950  6.669758082996100E-01  -3.954863121693665E-01
   1.4975  6.659866621794686E-01  -3.958303483783344E-01
   1.5000  6.649966577359476E-01  -3.961729707121751E-01
   1.5025  6.640057985049381E-01  -3.965141782094916E-01
   1.5050  6.630140880247267E-01  -3.968539699150308E-01
   1.5075  6.620215298359804E-01  -3.971923448796871E-01
   1.5100  6.610281274817315E-01  -3.975293021605059E-01
   1.5125  6.600338845073618E-01  -3.978648408206866E-01
   1.5150  6.590388044605875E-01  -3.981989599295865E-01
   1.5175  6.580428908914436E-01  -3.985316585627240E-01
   1.5200  6.570461473522690E-01  -3.988629358017819E-01
   1.5225  6.560485773976900E-01  -3.991927907346105E-01
   1.5250  6.550501845846061E-01  -3.995212224552314E-01
   1.5275  6.540509724721738E-01  -3.998482300638402E-01
   1.5300  6.530509446217916E-01  -4.001738126668103E-01
   1.5325  6.520501045970840E-01  -4.004979693766954E-01
   1.5350  6.510484559638867E-01  -4.008206993122333E-01
   1.5375  6.500460022902307E-01  -4.011420015983486E-01
   1.5400  6.490427471463269E-01  -4.014618753661561E-01
   1.5425  6.480386941045508E-01  -4.017803197529637E-01
   1.5450  6.470338467394268E-01  -4.020973339022755E-01
   1.5475  6.460282086276127E-01  -4.024129169637948E-01
   1.5500  6.450217833478844E-01  -4.027270680934271E-01
   1.5525  6.440145744811204E-01  -4.030397864532829E-01
   1.5550  6.430065856102860E-01  -4.033510712116811E-01
   1.5575  6.419978203204179E-01  -4.036609215431513E-01
   1.5600  6.409882821986087E-01  -4.039693366284370E-01
   1.5625  6.399779748339917E-01  -4.042763156544985E-01
   1.5650  6.389669018177246E-01  -4.045818578145154E-01
   1.5675  6.379550667429748E-01  -4.048859623078898E-01
   1.5700  6.369424732049028E-01  -4.051886283402485E-01
   1.5725  6.359291248006479E-01  -4.054898551234465E-01
   1.5750  6.349150251293115E-01  -4.057896418755687E-01
   1.5775  6.339001777919424E-01  -4.060879878209335E-01
   1.5800  6.328845863915205E-01  -4.063848921900948E-01
   1.5825  6.318682545329415E-01  -4.066803542198448E-01
   1.5850  6.308511858230016E-01  -4.069743731532168E-01
   1.5875  6.298333838703813E-01  -4.072669482394873E-01
   1.5900  6.288148522856305E-01  -4.075580787341789E-01
   1.5925  6.277955946811520E-01  -4.078477638990626E-01
   1.5950  6.267756146711867E-01  -4.081360030021601E-01
   1.5975  6.257549158717975E-01  -4.084227953177466E-01
   1.6000  6.247335019008539E-01  -4.087081401263528E-01
   1.6025  6.237113763780160E-01  -4.089920367147678E-01
   1.6050  6.226885429247194E-01  -4.092744843760407E-01
   1.6075  6.216650051641591E-01  -4.095554824094836E-01
   1.6100  6.206407667212740E-01  -4.098350301206732E-01
   1.6125  6.196158312227311E-01  -4.101131268214538E-01
   1.6150  6.185902022969103E-01  -4.103897718299389E-01
   1.6175  6.175638835738880E-01  -4.106649644705136E-01
   1.6200  6.165368786854222E-01  -4.109387040738368E-01
   1.6225  6.155091912649359E-01  -4.112109899768432E-01
   1.6250  6.144808249475022E-01  -4.114818215227456E-01
   1.6275  6.134517833698285E-01  -4.117511980610369E-01
   1.6300  6.124220701702403E-01  -4.120191189474919E-01
   1.6325  6.113916889886659E-01  -4.122855835441696E-01
   1.6350  6.103606434666207E-01  -4.125505912194148E-01
   1.6375  6.093289372471912E-01  -4.128141413478608E-01
   1.6400  6.082965739750196E-01  -4.130762333104302E-01
   1.6425  6.072635572962879E-01  -4.133368664943379E-01
   1.6450  6.062298908587022E-01  -4.135960402930922E-01
   1.6475  6.051955783114769E-01  -4.138537541064968E-01
   1.6500  6.041606233053191E-01  -4.141100073406531E-01
   1.6525  6.031250294924126E-01  -4.143647994079609E-01
   1.6550  6.020888005264028E-01  -4.146181297271214E-01
   1.6575  6.010519400623797E-01  -4.148699977231379E-01
   1.6600  6.000144517568636E-01  -4.151204028273179E-01
   1.6625  5.989763392677884E-01  -4.153693444772747E-01
   1.6650  5.979376062544859E-01  -4.156168221169293E-01
   1.6675  5.968982563776705E-01  -4.158628351965112E-01
   1.6700  5.958582932994230E-01  -4.161073831725609E-01
   1.6725  5.948177206831750E-01  -4.163504655079306E-01
   1.6750  5.937765421936930E-01  -4.165920816717864E-01
   1.6775  5.927347614970628E-01  -4.168322311396093E-01
   1.6800  5.916923822606736E-01  -4.170709133931969E-01
   1.6825  5.906494081532020E-01  -4.173081279206644E-01
   1.6850  5.896058428445967E-01  -4.175438742164464E-01
   1.6875  5.885616900060623E-01  -4.177781517812983E-01
   1.6900  5.875169533100435E-01  -4.180109601222972E-01
   1.6925  5.864716364302096E-01  -4.182422987528434E-01
   1.6950  5.854257430414384E-01  -4.184721671926617E-01
   1.6975  5.843792768198003E-01  -4.187005649678028E-01
   1.7000  5.833322414425430E-01  -4.189274916106439E-01
   1.7025  5.822846405880752E-01  -4.191529466598904E-01
   1.7050  5.812364779359508E-01  -4.193769296605770E-01
   1.7075  5.801877571668533E-01  -4.195994401640686E-01
   1.7100  5.791384819625801E-01  -4.198204777280614E-01
   1.7125  5.780886560060260E-01  -4.200400419165841E-01
   1.7150  5.770382829811681E-01  -4.202581322999988E-01
   1.7175  5.759873665730497E-01  -4.204747484550020E-01
   1.7200  5.749359104677644E-01  -4.206898899646255E-01
   1.7225  5.738839183524400E-01  -4.209035564182375E-01
   1.7250  5.728313939152235E-01  -4.211157474115432E-01
   1.7275  5.717783408452644E-01  -4.213264625465862E-01
   1.7300  5.707247628326989E-01  -4.215357014317486E-01
   1.7325  5.696706635686349E-01  -4.217434636817523E-01
   1.7350  5.686160467451353E-01  -4.219497489176598E-01
   1.7375  5.675609160552023E-01  -4.221545567668746E-01
   1.7400  5.665052751927618E-01  -4.223578868631424E-01
   1.7425  5.654491278526474E-01  -4.225597388465511E-01
   1.7450  5.643924777305845E-01  -4.227601123635323E-01
   1.7475  5.633353285231746E-01  -4.229590070668611E-01
   1.7500  5.622776839278791E-01  -4.231564226156574E-01
   1.7525  5.612195476430040E-01  -4.233523586753860E-01
   1.7550  5.601609233676833E-01  -4.235468149178572E-01
   1.7575  5.591018148018639E-01  -4.237397910212274E-01
   1.7600  5.580422256462894E-01  -4.239312866699997E-01
   1.7625  5.569821596024838E-01  -4.241213015550241E-01
   1.7650  5.559216203727364E-01  -4.243098353734980E-01
   1.7675  5.548606116600855E-01  -4.244968878289666E-01
   1.7700  5.537991371683025E-01  -4.246824586313233E-01
   1.7725  5.527372006018764E-01  -4.248665474968100E-01
   1.7750  5.516748056659971E-01  -4.250491541480171E-01
   1.7775  5.506119560665408E-01  -4.252302783138845E-01
   1.7800  5.495486555100528E-01  -4.254099197297010E-01
   1.7825  5.484849077037327E-01  -4.255880781371051E-01
   1.7850  5.474207163554178E-01  -4.257647532840846E-01
   1.7875  5.463560851735675E-01  -4.259399449249776E-01
   1.7900  5.452910178672475E-01  -4.261136528204715E-01
   1.7925  5.442255181461139E-01  -4.262858767376042E-01
   1.7950  5.431595897203970E-01  -4.264566164497633E-01
   1.7975  5.420932363008861E-01  -4.266258717366868E-01
   1.8000  5.410264615989130E-01  -4.267936423844624E-01
   1.8025  5.399592693263362E-01  -4.269599281855281E-01
   1.8050  5.388916631955254E-01  -4.271247289386715E-01
   1.8075  5.378236469193453E-01  -4.272880444490305E-01
   1.8100  5.367552242111397E-01  -4.274498745280924E-01
   1.8125  5.356863987847161E-01  -4.276102189936942E-01
   1.8150  5.346171743543291E-01  -4.277690776700222E-01
   1.8175  5.335475546346651E-01  -4.279264503876120E-01
   1.8200  5.324775433408261E-01  -4.280823369833480E-01
   1.8225  5.314071441883140E-01  -4.282367373004634E-01
   1.8250  5.303363608930147E-01  -4.283896511885394E-01
   1.8275  5.292651971711823E-01  -4.285410785035057E-01
   1.8300  5.281936567394230E-01  -4.286910191076392E-01
   1.8325  5.271217433146794E-01  -4.288394728695642E-01
   1.8350  5.260494606142146E-01  -4.289864396642518E-01
   1.8375  5.249768123555965E-01  -4.291319193730195E-01
   1.8400  5.239038022566814E-01  -4.292759118835307E-01
   1.8425  5.228304340355990E-01  -4.294184170897940E-01
   1.8450  5.217567114107358E-01  -4.295594348921629E-01
   1.8475  5.206826381007194E-01  -4.296989651973350E-01
   1.8500  5.196082178244027E-01  -4.298370079183518E-01
   1.8525  5.185334543008483E-01  -4.299735629745976E-01
   1.8550  5.174583512493123E-01  -4.301086302917990E-01
   1.8575  5.163829123892285E-01  -4.302422098020242E-01
   1.8600  5.153071414401927E-01  -4.303743014436825E-01
   1.8625  5.142310421219467E-01  -4.305049051615231E-01
   1.8650  5.131546181543625E-01  -4.306340209066346E-01
   1.8675  5.120778732574264E-01  -4.307616486364443E-01
   1.8700  5.110008111512233E-01  -4.308877883147170E-01
   1.8725  5.099234355559208E-01  -4.310124399115545E-01
   1.8750  5.088457501917532E-01  -4.311356034033942E-01
   1.8775  5.077677587790058E-01  -4.312572787730090E-01
   1.8800  5.066894650379992E-01  -4.313774660095052E-01
   1.8825  5.056108726890731E-01  -4.314961651083225E-01
   1.8850  5.045319854525709E-01  -4.316133760712326E-01
   1.8875  5.034528070488236E-01  -4.317290989063379E-01
   1.8900  5.023733411981338E-01  -4.318433336280709E-01
   1.8925  5.012935916207605E-01  -4.319560802571927E-01
   1.8950  5.002135620369026E-01  -4.320673388207920E-01
   1.8975  4.991332561666834E-01  -4.321771093522839E-01
   1.9000  4.980526777301349E-01  -4.322853918914089E-01
   1.9025  4.969718304471817E-01  -4.323921864842311E-01
   1.9050  4.958907180376255E-01  -4.324974931831377E-01
   1.9075  4.948093442211288E-01  -4.326013120468373E-01
   1.9100  4.937277127171998E-01  -4.327036431403583E-01
   1.9125  4.926458272451761E-01  -4.328044865350480E-01
   1.9150  4.915636915242090E-01  -4.329038423085712E-01
   1.9175  4.904813092732477E-01  -4.330017105449085E-01
   1.9200  4.893986842110237E-01  -4.330980913343551E-01
   1.9225  4.883158200560346E-01  -4.331929847735191E-01
   1.9250  4.872327205265290E-01  -4.332863909653205E-01
   1.9275  4.861493893404899E-01  -4.333783100189887E-01
   1.9300  4.850658302156196E-01  -4.334687420500622E-01
   1.9325  4.839820468693236E-01  -4.335576871803859E-01
   1.9350  4.828980430186949E-01  -4.336451455381102E-01
   1.9375  4.818138223804983E-01  -4.337311172576889E-01
   1.9400  4.807293886711544E-01  -4.338156024798778E-01
   1.9425  4.796447456067243E-01  -4.338986013517329E-01
   1.9450  4.785598969028934E-01  -4.339801140266087E-01
   1.9475  4.774748462749558E-01  -4.340601406641564E-01
   1.9500  4.763895974377988E-01  -4.341386814303219E-01
   1.9525  4.753041541058869E-01  -4.342157364973445E-01
   1.9550  4.742185199932460E-01  -4.342913060437543E-01
   1.9575  4.731326988134480E-01  -4.343653902543712E-01
   1.9600  4.720466942795948E-01  -4.344379893203021E-01
   1.9625  4.709605101043027E-01  -4.345091034389396E-01
   1.9650  4.698741499996866E-01  -4.345787328139597E-01
   1.9675  4.687876176773444E-01  -4.346468776553200E-01
   1.9700  4.677009168483413E-01  -4.347135381792573E-01
   1.9725  4.666140512231940E-01  -4.347787146082860E-01
   1.9750  4.655270245118551E-01  -4.348424071711958E-01
   1.9775  4.644398404236973E-01  -4.349046161030495E-01
   1.9800  4.633525026674981E-01  -4.349653416451810E-01
   1.9825  4.622650149514233E-01  -4.350245840451928E-01
   1.9850  4.611773809830124E-01  -4.350823435569543E-01
   1.9875  4.600896044691621E-01  -4.351386204405992E-01
   1.9900  4.590016891161109E-01  -4.351934149625233E-01
   1.9925  4.579136386294238E-01  -4.352467273953823E-01
   1.9950  4.568254567139760E-01  -4.352985580180894E-01
   1.9975  4.557371470739376E-01  -4.353489071158126E-01
   2.0000  4.546487134127583E-01  -4.353977749799732E-01
   2.0025  4.535601594331511E-01  -4.354451619082424E-01
   2.0050  4.524714888370772E-01  -4.354910682045395E-01
   2.0075  4.513827053257300E-01  -4.355354941790291E-01
   2.0100  4.502938125995200E-01  -4.355784401481188E-01
   2.0125  4.492048143580585E-01  -4.356199064344566E-01
   2.0150  4.481157143001427E-01  -4.356598933669282E-01
   2.0175  4.470265161237397E-01  -4.356984012806546E-01
   2.0200  4.459372235259708E-01  -4.357354305169893E-01
   2.0225  4.448478402030963E-01  -4.357709814235159E-01
   2.0250  4.437583698504999E-01  -4.358050543540453E-01
   2.0275  4.426688161626728E-01  -4.358376496686128E-01
   2.0300  4.415791828331984E-01  -4.358687677334755E-01
   2.0325  4.404894735547366E-01  -4.358984089211099E-01
   2.0350  4.393996920190084E-01  -4.359265736102084E-01
   2.0375  4.383098419167804E-01  -4.359532621856769E-01
   2.0400  4.372199269378489E-01  -4.359784750386321E-01
   2.0425  4.361299507710250E-01  -4.360022125663982E-01
   2.0450  4.350399171041184E-01  -4.360244751725043E-01
   2.0475  4.339498296239225E-01  -4.360452632666812E-01
   2.0500  4.328596920161984E-01  -4.360645772648589E-01
   2.0525  4.317695079656599E-01  -4.360824175891629E-01
   2.0550  4.306792811559574E-01  -4.360987846679119E-01
   2.0575  4.295890152696630E-01  -4.361136789356141E-01
   2.0600  4.284987139882547E-01  -4.361271008329646E-01
   2.0625  4.274083809921012E-01  -4.361390508068421E-01
   2.0650  4.263180199604459E-01  -4.361495293103056E-01
   2.0675  4.252276345713923E-01  -4.361585368025916E-01
   2.0700  4.241372285018879E-01  -4.361660737491105E-01
   2.0725  4.230468054277087E-01  -4.361721406214438E-01
   2.0750  4.219563690234445E-01  -4.361767378973402E-01
   2.0775  4.208659229624826E-01  -4.361798660607131E-01
   2.0800  4.197754709169931E-01  -4.361815256016366E-01
   2.0825  4.186850165579130E-01  -4.361817170163427E-01
   2.0850  4.175945635549313E-01  -4.361804408072174E-01
   2.0875  4.165041155764731E-01  -4.361776974827978E-01
   2.0900  4.154136762896846E-01  -4.361734875577684E-01
   2.0925  4.143232493604175E-01  -4.361678115529576E-01
   2.0950  4.132328384532139E-01  -4.361606699953343E-01
   2.0975  4.121424472312907E-01  -4.361520634180043E-01
   2.1000  4.110520793565244E-01  -4.361419923602071E-01
   2.1025  4.099617384894357E-01  -4.361304573673118E-01
   2.1050  4.088714282891743E-01  -4.361174589908138E-01
   2.1075  4.077811524135034E-01  -4.361029977883312E-01
   2.1100  4.066909145187846E-01  -4.360870743236010E-01
   2.1125  4.056007182599625E-01  -4.360696891664754E-01
   2.1150  4.045105672905493E-01  -4.360508428929183E-01
   2.1175  4.034204652626099E-01  -4.360305360850014E-01
   2.1200  4.023304158267462E-01  -4.360087693309002E-01
   2.1225  4.012404226320821E-01  -4.359855432248906E-01
   2.1250  4.001504893262481E-01  -4.359608583673451E-01
   2.1275  3.990606195553664E-01  -4.359347153647284E-01
   2.1300  3.979708169640350E-01  -4.359071148295941E-01
   2.1325  3.968810851953134E-01  -4.358780573805804E-01
   2.1350  3.957914278907065E-01  -4.358475436424063E-01
   2.1375  3.947018486901501E-01  -4.358155742458677E-01
   2.1400  3.936123512319952E-01  -4.357821498278333E-01
   2.1425  3.925229391529932E-01  -4.357472710312404E-01
   2.1450  3.914336160882804E-01  -4.357109385050915E-01
   2.1475  3.903443856713633E-01  -4.356731529044492E-01
   2.1500  3.892552515341028E-01  -4.356339148904331E-01
   2.1525  3.881662173066997E-01  -4.355932251302149E-01
   2.1550  3.870772866176793E-01  -4.355510842970146E-01
   2.1575  3.859884630938762E-01  -4.355074930700963E-01
   2.1600  3.848997503604193E-01  -4.354624521347639E-01
   2.1625  3.838111520407167E-01  -4.354159621823567E-01
   2.1650  3.827226717564407E-01  -4.353680239102454E-01
   2.1675  3.816343131275125E-01  -4.353186380218277E-01
   2.1700  3.805460797720874E-01  -4.352678052265238E-01
   2.1725  3.794579753065395E-01  -4.352155262397721E-01
   2.1750  3.783700033454470E-01  -4.351618017830251E-01
   2.1775  3.772821675015766E-01  -4.351066325837445E-01
   2.1800  3.761944713858693E-01  -4.350500193753972E-01
   2.1825  3.751069186074244E-01  -4.349919628974504E-01
   2.1850  3.740195127734856E-01  -4.349324638953674E-01
   2.1875  3.729322574894249E-01  -4.348715231206030E-01
   2.1900  3.718451563587287E-01  -4.348091413305988E-01
   2.1925  3.707582129829819E-01  -4.347453192887790E-01
   2.1950  3.696714309618536E-01  -4.346800577645451E-01
   2.1975  3.685848138930818E-01  -4.346133575332720E-01
   2.2000  3.674983653724587E-01  -4.345452193763027E-01
   2.2025  3.664120889938157E-01  -4.344756440809444E-01
   2.2050  3.653259883490084E-01  -4.344046324404626E-01
   2.2075  3.642400670279017E-01  -4.343321852540774E-01
   2.2100  3.631543286183553E-01  -4.342583033269583E-01
   2.2125  3.620687767062084E-01  -4.341829874702194E-01
   2.2150  3.609834148752649E-01  -4.341062385009145E-01
   2.2175  3.598982467072786E-01  -4.340280572420323E-01
   2.2200  3.588132757819387E-01  -4.339484445224917E-01
   2.2225  3.577285056768544E-01  -4.338674011771366E-01
   2.2250  3.566439399675407E-01  -4.337849280467310E-01
   2.2275  3.555595822274029E-01  -4.337010259779541E-01
   2.2300  3.544754360277225E-01  -4.336156958233954E-01
   2.2325  3.533915049376421E-01  -4.335289384415495E-01
   2.2350  3.523077925241506E-01  -4.334407546968109E-01
   2.2375  3.512243023520686E-01  -4.333511454594695E-01
   2.2400  3.501410379840337E-01  -4.332601116057046E-01
   2.2425  3.490580029804856E-01  -4.331676540175807E-01
   2.2450  3.479752008996513E-01  -4.330737735830418E-01
   2.2475  3.468926352975309E-01  -4.329784711959060E-01
   2.2500  3.458103097278826E-01  -4.328817477558611E-01
   2.2525  3.447282277422079E-01  -4.327836041684583E-01
   2.2550  3.436463928897371E-01  -4.326840413451080E-01
   2.2575  3.425648087174147E-01  -4.325830602030735E-01
   2.2600  3.414834787698848E-01  -4.324806616654663E-01
   2.2625  3.404024065894763E-01  -4.323768466612408E-01
   2.2650  3.393215957161885E-01  -4.322716161251883E-01
   2.2675  3.382410496876765E-01  -4.321649709979323E-01
   2.2700  3.371607720392363E-01  -4.320569122259226E-01
   2.2725  3.360807663037907E-01  -4.319474407614301E-01
   2.2750  3.350010360118745E-01  -4.318365575625411E-01
   2.2775  3.339215846916201E-01  -4.317242635931520E-01
   2.2800  3.328424158687429E-01  -4.316105598229636E-01
   2.2825  3.317635330665265E-01  -4.314954472274755E-01
   2.2850  3.306849398058089E-01  -4.313789267879806E-01
   2.2875  3.296066396049675E-01  -4.312609994915595E-01
   2.2900  3.285286359799046E-01  -4.311416663310750E-01
   2.2925  3.274509324440334E-01  -4.310209283051658E-01
   2.2950  3.263735325082631E-01  -4.308987864182415E-01
   2.2975  3.252964396809847E-01  -4.307752416804766E-01
   2.3000  3.242196574680565E-01  -4.306502951078047E-01
   2.3025  3.231431893727901E-01  -4.305239477219128E-01
   2.3050  3.220670388959352E-01  -4.303962005502354E-01
   2.3075  3.209912095356662E-01  -4.302670546259487E-01
   2.3100  3.199157047875670E-01  -4.301365109879648E-01
   2.3125  3.188405281446173E-01  -4.300045706809258E-01
   2.3150  3.177656830971781E-01  -4.298712347551978E-01
   2.3175  3.166911731329770E-01  -4.297365042668649E-01
   2.3200  3.156170017370945E-01  -4.296003802777236E-01
   2.3225  3.145431723919495E-01  -4.294628638552764E-01
   2.3250  3.134696885772850E-01  -4.293239560727259E-01
   2.3275  3.123965537701537E-01  -4.291836580089689E-01
   2.3300  3.113237714449041E-01  -4.290419707485901E-01
   2.3325  3.102513450731661E-01  -4.288988953818562E-01
   2.3350  3.091792781238369E-01  -4.287544330047097E-01
   2.3375  3.081075740630667E-01  -4.286085847187626E-01
   2.3400  3.070362363542445E-01  -4.284613516312906E-01
   2.3425  3.059652684579842E-01  -4.283127348552265E-01
   2.3450  3.048946738321101E-01  -4.281627355091542E-01
   2.3475  3.038244559316433E-01  -4.280113547173025E-01
   2.3500  3.027546182087870E-01  -4.278585936095383E-01
   2.3525  3.016851641129127E-01  -4.277044533213613E-01
   2.3550  3.006160970905464E-01  -4.275489349938965E-01
   2.3575  2.995474205853538E-01  -4.273920397738888E-01
   2.3600  2.984791380381272E-01  -4.272337688136961E-01
   2.3625  2.974112528867707E-01  -4.270741232712830E-01
   2.3650  2.963437685662865E-01  -4.269131043102145E-01
   2.3675  2.952766885087609E-01  -4.267507130996491E-01
   2.3700  2.942100161433506E-01  -4.265869508143331E-01
   2.3725  2.931437548962680E-01  -4.264218186345934E-01
   2.3750  2.920779081907681E-01  -4.262553177463311E-01
   2.3775  2.910124794471340E-01  -4.260874493410153E-01
   2.3800  2.899474720826631E-01  -4.259182146156760E-01
   2.3825  2.888828895116536E-01  -4.257476147728979E-01
   2.3850  2.878187351453899E-01  -4.255756510208134E-01
   2.3875  2.867550123921293E-01  -4.254023245730965E-01
   2.3900  2.856917246570881E-01  -4.252276366489553E-01
   2.3925  2.846288753424277E-01  -4.250515884731261E-01
   2.3950  2.835664678472405E-01  -4.248741812758661E-01
   2.3975  2.825045055675365E-01  -4.246954162929468E-01
   2.4000  2.814429918962295E-01  -4.245152947656474E-01
   2.4025  2.803819302231231E-01  -4.243338179407478E-01
   2.4050  2.793213239348970E-01  -4.241509870705215E-01
   2.4075  2.782611764150936E-01  -4.239668034127294E-01
   2.4100  2.772014910441037E-01  -4.237812682306124E-01
   2.4125  2.761422711991536E-01  -4.235943827928845E-01
   2.4150  2.750835202542906E-01  -4.234061483737261E-01
   2.4175  2.740252415803699E-01  -4.232165662527770E-01
   2.4200  2.729674385450407E-01  -4.230256377151290E-01
   2.4225  2.719101145127328E-01  -4.228333640513196E-01
   2.4250  2.708532728446427E-01  -4.226397465573243E-01
   2.4275  2.697969168987203E-01  -4.224447865345499E-01
   2.4300  2.687410500296550E-01  -4.222484852898272E-01
   2.4325  2.676856755888627E-01  -4.220508441354043E-01
   2.4350  2.666307969244715E-01  -4.218518643889390E-01
   2.4375  2.655764173813089E-01  -4.216515473734916E-01
   2.4400  2.645225403008879E-01  -4.214498944175182E-01
   2.4425  2.634691690213936E-01  -4.212469068548631E-01
   2.4450  2.624163068776699E-01  -4.210425860247518E-01
   2.4475  2.613639572012056E-01  -4.208369332717833E-01
   2.4500  2.603121233201218E-01  -4.206299499459235E-01
   2.4525  2.592608085591574E-01  -4.204216374024972E-01
   2.4550  2.582100162396568E-01  -4.202119970021813E-01
   2.4575  2.571597496795557E-01  -4.200010301109970E-01
   2.4600  2.561100121933682E-01  -4.197887381003030E-01
   2.4625  2.550608070921733E-01  -4.195751223467875E-01
   2.4650  2.540121376836016E-01  -4.193601842324610E-01
   2.4675  2.529640072718223E-01  -4.191439251446488E-01
   2.4700  2.519164191575292E-01  -4.189263464759837E-01
   2.4725  2.508693766379282E-01  -4.187074496243984E-01
   2.4750  2.498228830067237E-01  -4.184872359931178E-01
   2.4775  2.487769415541054E-01  -4.182657069906518E-01
   2.4800  2.477315555667351E-01  -4.180428640307873E-01
   2.4825  2.466867283277335E-01  -4.178187085325809E-01
   2.4850  2.456424631166673E-01  -4.175932419203512E-01
   2.4875  2.445987632095356E-01  -4.173664656236713E-01
   2.4900  2.435556318787570E-01  -4.171383810773608E-01
   2.4925  2.425130723931568E-01  -4.169089897214783E-01
   2.4950  2.414710880179533E-01  -4.166782930013137E-01
   2.4975  2.404296820147452E-01  -4.164462923673805E-01
   2.5000  2.393888576414982E-01  -4.162129892754080E-01
   2.5025  2.383486181525324E-01  -4.159783851863332E-01
   2.5050  2.373089667985091E-01  -4.157424815662937E-01
   2.5075  2.362699068264174E-01  -4.155052798866190E-01
   2.5100  2.352314414795620E-01  -4.152667816238234E-01
   2.5125  2.341935739975496E-01  -4.150269882595977E-01
   2.5150  2.331563076162762E-01  -4.147859012808012E-01
   2.5175  2.321196455679145E-01  -4.145435221794543E-01
   2.5200  2.310835910809002E-01  -4.142998524527300E-01
   2.5225  2.300481473799201E-01  -4.140548936029462E-01
   2.5250  2.290133176858986E-01  -4.138086471375574E-01
   2.5275  2.279791052159849E-01  -4.135611145691472E-01
   2.5300  2.269455131835407E-01  -4.133122974154200E-01
   2.5325  2.259125447981266E-01  -4.130621971991927E-01
   2.5350  2.248802032654903E-01  -4.128108154483870E-01
   2.5375  2.238484917875528E-01  -4.125581536960208E-01
   2.5400  2.228174135623965E-01  -4.123042134802007E-01
   2.5425  2.217869717842521E-01  -4.120489963441134E-01
   2.5450  2.207571696434860E-01  -4.117925038360175E-01
   2.5475  2.197280103265876E-01  -4.115347375092355E-01
   2.5500  2.186994970161568E-01  -4.112756989221455E-01
   2.5525  2.176716328908910E-01  -4.110153896381730E-01
   2.5550  2.166444211255730E-01  -4.107538112257825E-01
   2.5575  2.156178648910580E-01  -4.104909652584691E-01
   2.5600  2.145919673542611E-01  -4.102268533147507E-01
   2.5625  2.135667316781450E-01  -4.099614769781591E-01
   2.5650  2.125421610217073E-01  -4.096948378372318E-01
   2.5675  2.115182585399679E-01  -4.094269374855038E-01
   2.5700  2.104950273839568E-01  -4.091577775214990E-01
   2.5725  2.094724707007012E-01  -4.088873595487219E-01
   2.5750  2.084505916332135E-01  -4.086156851756488E-01
   2.5775  2.074293933204787E-01  -4.083427560157200E-01
   2.5800  2.064088788974420E-01  -4.080685736873305E-01
   2.5825  2.053890514949964E-01  -4.077931398138223E-01
   2.5850  2.043699142399704E-01  -4.075164560234750E-01
   2.5875  2.033514702551155E-01  -4.072385239494981E-01
   2.5900  2.023337226590942E-01  -4.069593452300216E-01
   2.5925  2.013166745664675E-01  -4.066789215080880E-01
   2.5950  2.003003290876826E-01  -4.063972544316436E-01
   2.5975  1.992846893290608E-01  -4.061143456535293E-01
   2.6000  1.982697583927850E-01  -4.058301968314727E-01
   2.6025  1.972555393768879E-01  -4.055448096280788E-01
   2.6050  1.962420353752396E-01  -4.052581857108217E-01
   2.6075  1.952292494775352E-01  -4.049703267520355E-01
   2.6100  1.942171847692831E-01  -4.046812344289058E-01
   2.6125  1.932058443317927E-01  -4.043909104234609E-01
   2.6150  1.921952312421621E-01  -4.040993564225629E-01
   2.6175  1.911853485732664E-01  -4.038065741178988E-01
   2.6200  1.901761993937454E-01  -4.035125652059718E-01
   2.6225  1.891677867679916E-01  -4.032173313880926E-01
   2.6250  1.881601137561382E-01  -4.029208743703701E-01
   2.6275  1.871531834140472E-01  -4.026231958637027E-01
   2.6300  1.861469987932975E-01  -4.023242975837693E-01
   2.6325  1.851415629411725E-01  -4.020241812510207E-01
   2.6350  1.841368789006488E-01  -4.017228485906701E-01
   2.6375  1.831329497103839E-01  -4.014203013326844E-01
   2.6400  1.821297784047045E-01  -4.011165412117750E-01
   2.6425  1.811273680135947E-01  -4.008115699673891E-01
   2.6450  1.801257215626837E-01  -4.005053893437004E-01
   2.6475  1.791248420732349E-01  -4.001980010895998E-01
   2.6500  1.781247325621332E-01  -3.998894069586868E-01
   2.6525  1.771253960418737E-01  -3.995796087092601E-01
   2.6550  1.761268355205499E-01  -3.992686081043083E-01
   2.6575  1.751290540018421E-01  -3.989564069115012E-01
   2.6600  1.741320544850054E-01  -3.986430069031801E-01
   2.6625  1.731358399648583E-01  -3.983284098563489E-01
   2.6650  1.721404134317711E-01  -3.980126175526649E-01
   2.6675  1.711457778716539E-01  -3.976956317784294E-01
   2.6700  1.701519362659454E-01  -3.973774543245784E-01
   2.6725  1.691588915916011E-01  -3.970580869866735E-01
   2.6750  1.681666468210819E-01  -3.967375315648926E-01
   2.6775  1.671752049223426E-01  -3.964157898640202E-01
   2.6800  1.661845688588200E-01  -3.960928636934385E-01
   2.6825  1.651947415894219E-01  -3.957687548671180E-01
   2.6850  1.642057260685155E-01  -3.954434652036078E-01
   2.6875  1.632175252459157E-01  -3.951169965260263E-01
   2.6900  1.622301420668741E-01  -3.947893506620519E-01
   2.6925  1.612435794720673E-01  -3.944605294439135E-01
   2.6950  1.602578403975857E-01  -3.941305347083811E-01
   2.6975  1.592729277749222E-01  -3.937993682967560E-01
   2.7000  1.582888445309605E-01  -3.934670320548617E-01
   2.7025  1.573055935879645E-01  -3.931335278330342E-01
   2.7050  1.563231778635663E-01  -3.927988574861124E-01
   2.7075  1.553416002707555E-01  -3.924630228734284E-01
   2.7100  1.543608637178676E-01  -3.921260258587984E-01
   2.7125  1.533809711085730E-01  -3.917878683105124E-01
   2.7150  1.524019253418658E-01  -3.914485521013254E-01
   2.7175  1.514237293120528E-01  -3.911080791084469E-01
   2.7200  1.504463859087420E-01  -3.907664512135319E-01
   2.7225  1.494698980168318E-01  -3.904236703026707E-01
   2.7250  1.484942685164999E-01  -3.900797382663796E-01
   2.7275  1.475195002831921E-01  -3.897346569995911E-01
   2.7300  1.465455961876113E-01  -3.893884284016440E-01
   2.7325  1.455725590957067E-01  -3.890410543762736E-01
   2.7350  1.446003918686627E-01  -3.886925368316020E-01
   2.7375  1.436290973628878E-01  -3.883428776801287E-01
   2.7400  1.426586784300037E-01  -3.879920788387199E-01
   2.7425  1.416891379168348E-01  -3.876401422285996E-01
   2.7450  1.407204786653967E-01  -3.872870697753390E-01
   2.7475  1.397527035128859E-01  -3.869328634088470E-01
   2.7500  1.387858152916684E-01  -3.865775250633604E-01
   2.7525  1.378198168292695E-01  -3.862210566774336E-01
   2.7550  1.368547109483626E-01  -3.858634601939289E-01
   2.7575  1.358905004667586E-01  -3.855047375600066E-01
   2.7600  1.349271881973951E-01  -3.851448907271151E-01
   2.7625  1.339647769483258E-01  -3.847839216509805E-01
   2.7650  1.330032695227096E-01  -3.844218322915968E-01
   2.7675  1.320426687188004E-01  -3.840586246132163E-01
   2.7700  1.310829773299357E-01  -3.836943005843388E-01
   2.7725  1.301241981445268E-01  -3.833288621777022E-01
   2.7750  1.291663339460479E-01  -3.829623113702719E-01
   2.7775  1.282093875130252E-01  -3.825946501432311E-01
   2.7800  1.272533616190270E-01  -3.822258804819703E-01
   2.7825  1.262982590326526E-01  -3.818560043760775E-01
   2.7850  1.253440825175223E-01  -3.814850238193281E-01
   2.7875  1.243908348322667E-01  -3.811129408096741E-01
   2.7900  1.234385187305163E-01  -3.807397573492348E-01
   2.7925  1.224871369608910E-01  -3.803654754442857E-01
   2.7950  1.215366922669900E-01  -3.799900971052491E-01
   2.7975  1.205871873873811E-01  -3.796136243466832E-01
   2.8000  1.196386250555906E-01  -3.792360591872722E-01
   2.8025  1.186910080000931E-01  -3.788574036498158E-01
   2.8050  1.177443389443009E-01  -3.784776597612192E-01
   2.8075  1.167986206065539E-01  -3.780968295524824E-01
   2.8100  1.158538557001094E-01  -3.777149150586902E-01
   2.8125  1.149100469331320E-01  -3.773319183190015E-01
   2.8150  1.139671970086833E-01  -3.769478413766394E-01
   2.8175  1.130253086247117E-01  -3.765626862788804E-01
   2.8200  1.120843844740424E-01  -3.761764550770441E-01
   2.8225  1.111444272443671E-01  -3.757891498264828E-01
   2.8250  1.102054396182345E-01  -3.754007725865712E-01
   2.8275  1.092674242730393E-01  -3.750113254206958E-01
   2.8300  1.083303838810132E-01  -3.746208103962442E-01
   2.8325  1.073943211092141E-01  -3.742292295845952E-01
   2.8350  1.064592386195167E-01  -3.738365850611077E-01
   2.8375  1.055251390686023E-01  -3.734428789051104E-01
   2.8400  1.045920251079489E-01  -3.730481131998915E-01
   2.8425  1.036598993838212E-01  -3.726522900326875E-01
   2.8450  1.027287645372612E-01  -3.722554114946736E-01
   2.8475  1.017986232040777E-01  -3.718574796809519E-01
   2.8500  1.008694780148370E-01  -3.714584966905419E-01
   2.8525  9.994133159485312E-02  -3.710584646263693E-01
   2.8550  9.901418656417765E-02  -3.706573855952551E-01
   2.8575  9.808804553759040E-02  -3.702552617079058E-01
   2.8600  9.716291112458954E-02  -3.698520950789020E-01
   2.8625  9.623878592938194E-02  -3.694478878266877E-01
   2.8650  9.531567255087356E-02  -3.690426420735602E-01
   2.8675  9.439357358265982E-02  -3.686363599456587E-01
   2.8700  9.347249161301598E-02  -3.682290435729539E-01
   2.8725  9.255242922488759E-02  -3.678206950892373E-01
   2.8750  9.163338899588098E-02  -3.674113166321100E-01
   2.8775  9.071537349825373E-02  -3.670009103429726E-01
   2.8800  8.979838529890516E-02  -3.665894783670136E-01
   2.8825  8.888242695936691E-02  -3.661770228531994E-01
   2.8850  8.796750103579347E-02  -3.657635459542626E-01
   2.8875  8.705361007895282E-02  -3.653490498266920E-01
   2.8900  8.614075663421704E-02  -3.649335366307209E-01
   2.8925  8.522894324155293E-02  -3.645170085303170E-01
   2.8950  8.431817243551276E-02  -3.640994676931708E-01
   2.8975  8.340844674522489E-02  -3.636809162906851E-01
   2.9000  8.249976869438456E-02  -3.632613564979640E-01
   2.9025  8.159214080124463E-02  -3.628407904938019E-01
   2.9050  8.068556557860639E-02  -3.624192204606725E-01
   2.9075  7.978004553381031E-02  -3.619966485847180E-01
   2.9100  7.887558316872699E-02  -3.615730770557377E-01
   2.9125  7.797218097974795E-02  -3.611485080671774E-01
   2.9150  7.706984145777654E-02  -3.607229438161182E-01
   2.9175  7.616856708821887E-02  -3.602963865032656E-01
   2.9200  7.526836035097478E-02  -3.598688383329380E-01
   2.9225  7.436922372042883E-02  -3.594403015130563E-01
   2.9250  7.347115966544122E-02  -3.590107782551323E-01
   2.9275  7.257417064933896E-02  -3.585802707742576E-01
   2.9300  7.167825912990686E-02  -3.581487812890929E-01
   2.9325  7.078342755937858E-02  -3.577163120218564E-01
   2.9350  6.988967838442785E-02  -3.572828651983129E-01
   2.9375  6.899701404615953E-02  -3.568484430477626E-01
   2.9400  6.810543698010085E-02  -3.564130478030300E-01
   2.9425  6.721494961619259E-02  -3.559766817004523E-01
   2.9450  6.632555437878028E-02  -3.555393469798688E-01
   2.9475  6.543725368660550E-02  -3.551010458846093E-01
   2.9500  6.455004995279713E-02  -3.546617806614829E-01
   2.9525  6.366394558486274E-02  -3.542215535607669E-01
   2.9550  6.277894298467986E-02  -3.537803668361952E-01
   2.9575  6.189504454848734E-02  -3.533382227449475E-01
   2.9600  6.101225266687684E-02  -3.528951235476376E-01
   2.9625  6.013056972478418E-02  -3.524510715083022E-01
   2.9650  5.924999810148081E-02  -3.520060688943897E-01
   2.9675  5.837054017056534E-02  -3.515601179767489E-01
   2.9700  5.749219829995498E-02  -3.511132210296173E-01
   2.9725  5.661497485187715E-02  -3.506653803306100E-01
   2.9750  5.573887218286101E-02  -3.502165981607083E-01
   2.9775  5.486389264372908E-02  -3.497668768042485E-01
   2.9800  5.399003857958884E-02  -3.493162185489100E-01
   2.9825  5.311731232982442E-02  -3.488646256857042E-01
   2.9850  5.224571622808826E-02  -3.484121005089632E-01
   2.9875  5.137525260229284E-02  -3.479586453163279E-01
   2.9900  5.050592377460242E-02  -3.475042624087372E-01
   2.9925  4.963773206142477E-02  -3.470489540904158E-01
   2.9950  4.877067977340303E-02  -3.465927226688632E-01
   2.9975  4.790476921540751E-02  -3.461355704548420E-01
   3.0000  4.704000268652753E-02  -3.456774997623664E-01
   3.0025  4.617638248006335E-02  -3.452185129086909E-01
   3.0050  4.531391088351801E-02  -3.447586122142983E-01
   3.0075  4.445259017858937E-02  -3.442978000028886E-01
   3.0100  4.359242264116199E-02  -3.438360786013670E-01
   3.0125  4.273341054129921E-02  -3.433734503398329E-01
   3.0150  4.187555614323510E-02  -3.429099175515676E-01
   3.0175  4.101886170536660E-02  -3.424454825730233E-01
   3.0200  4.016332948024554E-02  -3.419801477438112E-01
   3.0225  3.930896171457079E-02  -3.415139154066898E-01
   3.0250  3.845576064918043E-02  -3.410467879075534E-01
   3.0275  3.760372851904385E-02  -3.405787675954204E-01
   3.0300  3.675286755325404E-02  -3.401098568224216E-01
   3.0325  3.590317997501977E-02  -3.396400579437885E-01
   3.0350  3.505466800165785E-02  -3.391693733178418E-01
   3.0375  3.420733384458548E-02  -3.386978053059793E-01
   3.0400  3.336117970931249E-02  -3.382253562726646E-01
   3.0425  3.251620779543375E-02  -3.377520285854150E-01
   3.0450  3.167242029662155E-02  -3.372778246147902E-01
   3.0475  3.082981940061795E-02  -3.368027467343799E-01
   3.0500  2.998840728922728E-02  -3.363267973207926E-01
   3.0525  2.914818613830860E-02  -3.358499787536438E-01
   3.0550  2.830915811776817E-02  -3.353722934155436E-01
   3.0575  2.747132539155200E-02  -3.348937436920856E-01
   3.0600  2.663469011763839E-02  -3.344143319718348E-01
   3.0625  2.579925444803053E-02  -3.339340606463157E-01
   3.0650  2.496502052874913E-02  -3.334529321100004E-01
   3.0675  2.413199049982500E-02  -3.329709487602970E-01
   3.0700  2.330016649529183E-02  -3.324881129975376E-01
   3.0725  2.246955064317880E-02  -3.320044272249664E-01
   3.0750  2.164014506550337E-02  -3.315198938487279E-01
   3.0775  2.081195187826401E-02  -3.310345152778548E-01
   3.0800  1.998497319143301E-02  -3.305482939242562E-01
   3.0825  1.915921110894933E-02  -3.300612322027059E-01
   3.0850  1.833466772871140E-02  -3.295733325308302E-01
   3.0875  1.751134514257004E-02  -3.290845973290957E-01
   3.0900  1.668924543632136E-02  -3.285950290207981E-01
   3.0925  1.586837068969973E-02  -3.281046300320495E-01
   3.0950  1.504872297637070E-02  -3.276134027917669E-01
   3.0975  1.423030436392406E-02  -3.271213497316598E-01
   3.1000  1.341311691386682E-02  -3.266284732862186E-01
   3.1025  1.259716268161633E-02  -3.261347758927024E-01
   3.1050  1.178244371649333E-02  -3.256402599911268E-01
   3.1075  1.096896206171509E-02  -3.251449280242523E-01
   3.1100  1.015671975438855E-02  -3.246487824375718E-01
   3.1125  9.345718825503526E-03  -3.241518256792987E-01
   3.1150  8.535961299925916E-03  -3.236540602003552E-01
   3.1175  7.727449196390930E-03  -3.231554884543595E-01
   3.1200  6.920184527496378E-03  -3.226561128976144E-01
   3.1225  6.114169299695970E-03  -3.221559359890948E-01
   3.1250  5.309405513292653E-03  -3.216549601904357E-01
   3.1275  4.505895162431972E-03  -3.211531879659202E-01
   3.1300  3.703640235095466E-03  -3.206506217824671E-01
   3.1325  2.902642713094097E-03  -3.201472641096190E-01
   3.1350  2.102904572061703E-03  -3.196431174195301E-01
   3.1375  1.304427781448483E-03  -3.191381841869539E-01
   3.1400  5.072143045145180E-04  -3.186324668892315E-01
 # -------------------------------------
 # 
 # Radius of star =   3.1415905546905294     
 # Final x, y, y'   3.1399999999999442        5.0721430451451796E-004 -0.31863246688923147     
