 # 
 #  Radius              Mass                  Rho                   Pressure 
  #-------------------------------------
  1.000000000000000E-08   0.000000000000000E+00   5.000000000000000E-04   2.500000000000000E-05
  0.000000000000000E+00   6.283185307179587E-27   5.000000000000000E-04   2.500000000000000E-05
  1.000000000000000E-01   3.140814006290574E-06   4.996820392999655E-04   2.496821403989723E-05
  2.000000000000000E-01   1.778839322615238E-05   4.994638632683495E-04   2.494641507109445E-05
  3.000000000000000E-01   5.752517001097107E-05   4.991386749863284E-04   2.491394168671076E-05
  4.000000000000000E-01   1.348478008640564E-04   4.986920780437797E-04   2.486937887036232E-05
  5.000000000000000E-01   2.621958637528759E-04   4.981213904143194E-04   2.481249195882948E-05
  6.000000000000000E-01   4.519329221913884E-04   4.974258841243286E-04   2.474325101968699E-05
  7.000000000000000E-01   7.163276579704645E-04   4.966054199162353E-04   2.466169430901804E-05
  7.999999999999999E-01   1.067535093843530E-03   4.956601083760407E-04   2.456789430353484E-05
  8.999999999999999E-01   1.517577924516513E-03   4.945901975123317E-04   2.446194634752873E-05
  9.999999999999999E-01   2.078327974107431E-03   4.933960279665440E-04   2.434396404131627E-05
  1.100000000000000E+00   2.761487798237107E-03   4.920780127362922E-04   2.421407706184986E-05
  1.200000000000000E+00   3.578572448935839E-03   4.906366270872819E-04   2.407242998395845E-05
  1.300000000000000E+00   4.540891420581457E-03   4.890724031589248E-04   2.391918155316458E-05
  1.400000000000000E+00   5.659530795117646E-03   4.873859269136266E-04   2.375450417534550E-05
  1.500000000000000E+00   6.945335604836320E-03   4.855778363347663E-04   2.357858351395530E-05
  1.600000000000000E+00   8.408892431042985E-03   4.836488203263818E-04   2.339161814031007E-05
  1.700000000000000E+00   1.006051225695876E-02   4.815996180249938E-04   2.319381920818199E-05
  1.800000000000000E+00   1.191021359324597E-02   4.794310183624808E-04   2.298541013680854E-05
  1.900000000000001E+00   1.396770589457505E-02   4.771438597864296E-04   2.276662629318920E-05
  2.000000000000000E+00   1.624237328567803E-02   4.747390300814379E-04   2.253771466826644E-05
  2.100000000000001E+00   1.874325861535686E-02   4.722174662559701E-04   2.229893354372082E-05
  2.200000000000001E+00   2.147904785693182E-02   4.695801544718090E-04   2.205055214737680E-05
  2.300000000000001E+00   2.445805487362608E-02   4.668281300006873E-04   2.179285029599386E-05
  2.400000000000001E+00   2.768820656738393E-02   4.639624771973630E-04   2.152611802471136E-05
  2.500000000000001E+00   3.117702842961306E-02   4.609843294813746E-04   2.125065520273925E-05
  2.600000000000001E+00   3.493163051232196E-02   4.578948693216253E-04   2.096677113510683E-05
  2.700000000000001E+00   3.895869383809235E-02   4.546953282192002E-04   2.067478415043662E-05
  2.800000000000001E+00   4.326445726728008E-02   4.513869866846457E-04   2.037502117482446E-05
  2.900000000000001E+00   4.785470484077599E-02   4.479711742064893E-04   2.006781729199408E-05
  3.000000000000001E+00   5.273475361657798E-02   4.444492692081416E-04   1.975351528996511E-05
  3.100000000000001E+00   5.790944201832548E-02   4.408226989905591E-04   1.943246519453211E-05
  3.200000000000002E+00   6.338311871382570E-02   4.370929396581999E-04   1.910502378990468E-05
  3.300000000000002E+00   6.915963204145532E-02   4.332615160258984E-04   1.877155412690598E-05
  3.400000000000002E+00   7.524232000214981E-02   4.293300015043361E-04   1.843242501917133E-05
  3.500000000000002E+00   8.163400083449265E-02   4.253000179618147E-04   1.808801052783199E-05
  3.600000000000002E+00   8.833696419018727E-02   4.211732355600392E-04   1.773868943521123E-05
  3.700000000000002E+00   9.535296292693164E-02   4.169513725616141E-04   1.738484470810139E-05
  3.800000000000002E+00   1.026832055354187E-01   4.126361951069419E-04   1.702686295123342E-05
  3.900000000000002E+00   1.103283492168517E-01   4.082295169581900E-04   1.666513385159171E-05
  4.000000000000002E+00   1.182884936269894E-01   4.037331992079764E-04   1.630004961427075E-05
  4.100000000000001E+00   1.265631753023223E-01   3.991491499503990E-04   1.593200439061260E-05
  4.200000000000001E+00   1.351513627835208E-01   3.944793239120201E-04   1.556139369940844E-05
  4.300000000000001E+00   1.440514524507916E-01   3.897257220404014E-04   1.518861384199122E-05
  4.400000000000000E+00   1.532612650852255E-01   3.848903910477773E-04   1.481406131209109E-05
  4.500000000000000E+00   1.627780431696155E-01   3.799754229074539E-04   1.443813220136985E-05
  4.600000000000000E+00   1.725984489415680E-01   3.749829543005269E-04   1.406122160159510E-05
  4.699999999999999E+00   1.827185632110186E-01   3.699151660105266E-04   1.368372300445954E-05
  4.799999999999999E+00   1.931338849534982E-01   3.647742822636268E-04   1.330602770009441E-05
  4.899999999999999E+00   2.038393316896682E-01   3.595625700120876E-04   1.292852417536974E-05
  4.999999999999998E+00   2.148292406607626E-01   3.542823381586530E-04   1.255159751311621E-05
  5.099999999999998E+00   2.260973708086260E-01   3.489359367196864E-04   1.217562879344450E-05
  5.199999999999998E+00   2.376369055680358E-01   3.435257559249005E-04   1.180099449837743E-05
  5.299999999999997E+00   2.494404564779215E-01   3.380542252516296E-04   1.142806592104795E-05
  5.399999999999997E+00   2.615000676169705E-01   3.325238123916971E-04   1.105720858075086E-05
  5.499999999999996E+00   2.738072208679087E-01   3.269370221490527E-04   1.068878164516902E-05
  5.599999999999996E+00   2.863528420134932E-01   3.212963952664897E-04   1.032313736112404E-05
  5.699999999999996E+00   2.991273076659323E-01   3.156045071799101E-04   9.960620495227391E-06
  5.799999999999995E+00   3.121204530300683E-01   3.098639666987756E-04   9.601567785829993E-06
  5.899999999999995E+00   3.253215804992233E-01   3.040774146115736E-04   9.246307407685884E-06
  5.999999999999995E+00   3.387194690811053E-01   2.982475222153347E-04   8.895158450758657E-06
  6.099999999999994E+00   3.523023846496255E-01   2.923769897684652E-04   8.548430414606918E-06
  6.199999999999994E+00   3.660580910168690E-01   2.864685448664015E-04   8.206422719787350E-06
  6.299999999999994E+00   3.799738618178100E-01   2.805249407398555E-04   7.869424237709944E-06
  6.399999999999993E+00   3.940364931986631E-01   2.745489544756982E-04   7.537712840369900E-06
  6.499999999999993E+00   4.082323172980240E-01   2.685433851608266E-04   7.211554971363607E-06
  6.599999999999993E+00   4.225472165081761E-01   2.625110519496691E-04   6.891205239572185E-06
  6.699999999999992E+00   4.369666385021383E-01   2.564547920563103E-04   6.576906036864538E-06
  6.799999999999992E+00   4.514756120101981E-01   2.503774586725613E-04   6.268887181133013E-06
  6.899999999999991E+00   4.660587633278285E-01   2.442819188136467E-04   5.967365585927710E-06
  6.999999999999991E+00   4.807003335350338E-01   2.381710510935523E-04   5.672544957900752E-06
  7.099999999999991E+00   4.953841964053090E-01   2.320477434324415E-04   5.384615523208821E-06
  7.199999999999990E+00   5.100938769805454E-01   2.259148906989345E-04   5.103753783951154E-06
  7.299999999999990E+00   5.248125707863776E-01   2.197753922904251E-04   4.830122305641024E-06
  7.399999999999990E+00   5.395231636606511E-01   2.136321496549976E-04   4.563869536621527E-06
  7.499999999999989E+00   5.542082521659091E-01   2.074880637588938E-04   4.305129660241476E-06
  7.599999999999989E+00   5.688501645550521E-01   2.013460325038616E-04   4.054022480504609E-06
  7.699999999999989E+00   5.834309822576397E-01   1.952089480990966E-04   3.810653341795577E-06
  7.799999999999988E+00   5.979325618526715E-01   1.890796943928549E-04   3.575113083169541E-06
  7.899999999999988E+00   6.123365574921322E-01   1.829611441691750E-04   3.347478027569365E-06
  7.999999999999988E+00   6.266244437381050E-01   1.768561564154853E-04   3.127810006205859E-06
  8.099999999999987E+00   6.407775387748778E-01   1.707675735672003E-04   2.916156418202917E-06
  8.199999999999987E+00   6.547770279561798E-01   1.646982187357104E-04   2.712550325471591E-06
  8.299999999999986E+00   6.686039876465122E-01   1.586508929264461E-04   2.517010582635867E-06
  8.399999999999986E+00   6.822394093144800E-01   1.526283722539506E-04   2.329542001689053E-06
  8.499999999999986E+00   6.956642238351037E-01   1.466334051611130E-04   2.150135550914311E-06
  8.599999999999985E+00   7.088593259572935E-01   1.406687096499000E-04   1.978768587456788E-06
  8.699999999999985E+00   7.218055988920161E-01   1.347369705310786E-04   1.815405122789273E-06
  8.799999999999985E+00   7.344839389761795E-01   1.288408367005284E-04   1.659996120169222E-06
  8.899999999999984E+00   7.468752803669071E-01   1.229829184498225E-04   1.512479823043568E-06
  8.999999999999984E+00   7.589606197206816E-01   1.171657848187788E-04   1.372782113220037E-06
  9.099999999999984E+00   7.707210408118035E-01   1.113919609976766E-04   1.240816897490790E-06
  9.199999999999983E+00   7.821377390447432E-01   1.056639257867723E-04   1.116486521267252E-06
  9.299999999999983E+00   7.931920458152625E-01   9.998410912064771E-05   9.996822076649588E-07
  9.399999999999983E+00   8.038654526756424E-01   9.435488966477600E-05   8.902845203652053E-07
  9.499999999999982E+00   8.141396352599841E-01   8.877859249149858E-05   7.881638484771568E-07
  9.599999999999982E+00   8.239964769263405E-01   8.325748684236845E-05   6.931809115307156E-07
  9.699999999999982E+00   8.334180920733842E-01   7.779378398353588E-05   6.051872826477044E-07
  9.799999999999981E+00   8.423868490904273E-01   7.238963516053014E-05   5.240259278674661E-07
  9.899999999999981E+00   8.508853929008593E-01   6.704712965842927E-05   4.495317595434226E-07
  9.999999999999980E+00   8.588966670604741E-01   6.176829297301020E-05   3.815322016799621E-07
  1.009999999999998E+01   8.664039353736857E-01   5.655508509803816E-05   3.198477650446339E-07
  1.019999999999998E+01   8.733908029922989E-01   5.140939893338787E-05   2.642926298692222E-07
  1.029999999999998E+01   8.798412369632777E-01   4.633305881819557E-05   2.146752339450370E-07
  1.039999999999998E+01   8.857395861938412E-01   4.132781919272228E-05   1.707988639226344E-07
  1.049999999999998E+01   8.910706008042020E-01   3.639536339206962E-05   1.324622476440802E-07
  1.059999999999998E+01   8.958194508403255E-01   3.153730257433376E-05   9.946014536650788E-08
  1.069999999999998E+01   8.999717443212339E-01   2.675517478521557E-05   7.158393777874351E-08
  1.079999999999998E+01   9.035135445975746E-01   2.205044416052919E-05   4.862220876766159E-08
  1.089999999999998E+01   9.064313870004246E-01   1.742450026747205E-05   3.036132095711336E-08
  1.099999999999998E+01   9.087122947615818E-01   1.287865758494139E-05   1.658598211901683E-08
  1.109999999999998E+01   9.103437941889014E-01   8.414155122609181E-06   7.079800642733032E-09
  1.119999999999998E+01   9.113139290825457E-01   4.032156177904042E-06   1.625828344300974E-09
 # Radius of star =   11.292898724005930     
 # Mass of star =   1.0042126530884992     
