 # 
 #  Radius              Mass                  Rho                   Pressure 
  #-------------------------------------
  1.000000000000000E-08   0.000000000000000E+00   2.500000000000000E-03   6.250000000000000E-04
  0.000000000000000E+00   3.141592653589793E-26   2.500000000000000E-03   6.250000000000000E-04
  1.000000000000000E-01   1.570260867949966E-05   2.497845150631994E-03   6.239230396535769E-04
  2.000000000000000E-01   8.891071451731283E-05   2.495958737805999E-03   6.229810020830113E-04
  3.000000000000000E-01   2.874314102549252E-04   2.493044535829500E-03   6.215271057629329E-04
  4.000000000000000E-01   6.734882054061499E-04   2.489018039889052E-03   6.195210802893139E-04
  5.000000000000000E-01   1.308788480943433E-03   2.483864959293533E-03   6.169585136006264E-04
  6.000000000000000E-01   2.254352833235604E-03   2.477583114047303E-03   6.138418087012331E-04
  7.000000000000000E-01   3.570345548332134E-03   2.470174307383851E-03   6.101761108859287E-04
  7.999999999999999E-01   5.315906513992442E-03   2.461642308746871E-03   6.059682856212625E-04
  8.999999999999999E-01   7.548984859421013E-03   2.451992184871628E-03   6.012265674671542E-04
  9.999999999999999E-01   1.032617461181241E-02   2.441230033565689E-03   5.959604076783134E-04
  1.100000000000000E+00   1.370255265912189E-02   2.429362863541965E-03   5.901803922756814E-04
  1.200000000000000E+00   1.773151930907510E-02   2.416398535061604E-03   5.838981880247866E-04
  1.300000000000000E+00   2.246464173522363E-02   2.402345728706991E-03   5.771265000236722E-04
  1.400000000000000E+00   2.795150060184584E-02   2.387213928327460E-03   5.698790339600623E-04
  1.500000000000000E+00   3.423954016070831E-02   2.371013411672889E-03   5.621704598332715E-04
  1.600000000000000E+00   4.137392211416657E-02   2.353755245493379E-03   5.540163755687596E-04
  1.700000000000000E+00   4.939738354082442E-02   2.335451283416056E-03   5.454332697209703E-04
  1.800000000000000E+00   5.835009918201157E-02   2.316114165674705E-03   5.364384828439035E-04
  1.900000000000001E+00   6.826954838970638E-02   2.295757320168906E-03   5.270501673109118E-04
  2.000000000000000E+00   7.919038703924058E-02   2.274394964548257E-03   5.172872454762468E-04
  2.100000000000001E+00   9.114432471319214E-02   2.252042109140393E-03   5.071693661341511E-04
  2.200000000000001E+00   1.041600074663069E-01   2.228714560611988E-03   4.967168592683889E-04
  2.300000000000001E+00   1.182629064850877E-01   2.204428926292019E-03   4.859506891072983E-04
  2.400000000000001E+00   1.334752129598399E-01   2.179202619108445E-03   4.748924055129107E-04
  2.500000000000001E+00   1.498157394914315E-01   2.153053863099672E-03   4.635640937408422E-04
  2.600000000000001E+00   1.672998283597864E-01   2.126001699464579E-03   4.519883226126280E-04
  2.700000000000001E+00   1.859392669860976E-01   2.098065993111637E-03   4.401880911451519E-04
  2.800000000000001E+00   2.057422109258612E-01   2.069267439659997E-03   4.281867736837039E-04
  2.900000000000001E+00   2.267131147349658E-01   2.039627572834085E-03   4.160080635865062E-04
  3.000000000000001E+00   2.488526710560943E-01   2.009168772178615E-03   4.036759155097725E-04
  3.100000000000001E+00   2.721577582774325E-01   1.977914271003237E-03   3.912144863438265E-04
  3.200000000000002E+00   2.966213971199146E-01   1.945888164445381E-03   3.786480748528615E-04
  3.300000000000002E+00   3.222327165127299E-01   1.913115417516270E-03   3.660010600738452E-04
  3.400000000000002E+00   3.489769291192565E-01   1.879621872968579E-03   3.532978385341910E-04
  3.500000000000002E+00   3.768353168766415E-01   1.845434258794944E-03   3.405627603534046E-04
  3.600000000000002E+00   4.057852269115041E-01   1.810580195134401E-03   3.278200643012926E-04
  3.700000000000002E+00   4.358000781912555E-01   1.775088200329160E-03   3.150938118947816E-04
  3.800000000000002E+00   4.668493792647791E-01   1.738987695837019E-03   3.024078206272543E-04
  3.900000000000002E+00   4.988987574371485E-01   1.702309009665558E-03   2.897855964388534E-04
  4.000000000000002E+00   5.319099997100438E-01   1.665083377953520E-03   2.772502655537104E-04
  4.100000000000001E+00   5.658411058018856E-01   1.627342944283027E-03   2.648245058307751E-04
  4.200000000000001E+00   6.006463535387340E-01   1.589120756264426E-03   2.525304777990421E-04
  4.300000000000001E+00   6.362763768779400E-01   1.550450758894414E-03   2.403897555756264E-04
  4.400000000000000E+00   6.726782567906244E-01   1.511367784149112E-03   2.284232578963798E-04
  4.500000000000000E+00   7.097956251855305E-01   1.471907536238181E-03   2.166511795234753E-04
  4.600000000000000E+00   7.475687820049184E-01   1.432106571915727E-03   2.050929233324216E-04
  4.699999999999999E+00   7.859348255622476E-01   1.392002275220532E-03   1.937670334219139E-04
  4.799999999999999E+00   8.248277961208593E-01   1.351632826004160E-03   1.826911296331991E-04
  4.899999999999999E+00   8.641788326322518E-01   1.311037161603141E-03   1.718818439104419E-04
  4.999999999999998E+00   9.039163424615787E-01   1.270254931023135E-03   1.613547589788590E-04
  5.099999999999998E+00   9.439661838266498E-01   1.229326441031238E-03   1.511243498618529E-04
  5.199999999999998E+00   9.842518605652133E-01   1.188292593599871E-03   1.412039288004308E-04
  5.299999999999997E+00   1.024694728724240E+00   1.147194814214328E-03   1.316055941760246E-04
  5.399999999999997E+00   1.065214214335268E+00   1.106074970647818E-03   1.223401840693572E-04
  5.499999999999996E+00   1.105728041603030E+00   1.064975281924383E-03   1.134172351109919E-04
  5.599999999999996E+00   1.146152470592371E+00   1.023938217331905E-03   1.048449472912840E-04
  5.699999999999996E+00   1.186402543353352E+00   9.830063855145107E-04   9.663015539623030E-05
  5.799999999999995E+00   1.226392337279047E+00   9.422224138646992E-04   8.877830771890205E-05
  5.899999999999995E+00   1.266035224348416E+00   9.016288186480026E-04   8.129345266165928E-05
  5.999999999999995E+00   1.305244134771175E+00   8.612678665230083E-04   7.417823379050945E-05
  6.099999999999994E+00   1.343931823427054E+00   8.211814283618942E-04   6.743389382864806E-05
  6.199999999999994E+00   1.382011137382170E+00   7.814108265244987E-04   6.106028798097002E-05
  6.299999999999994E+00   1.419395282674919E+00   7.419966769844162E-04   5.505590686559161E-05
  6.399999999999993E+00   1.455998088496666E+00   7.029787279396527E-04   4.941790919356523E-05
  6.499999999999993E+00   1.491734266852659E+00   6.643956967532551E-04   4.414216418642432E-05
  6.599999999999993E+00   1.526519665778955E+00   6.262851072510779E-04   3.922330355644941E-05
  6.699999999999992E+00   1.560271514214549E+00   5.886831295447583E-04   3.465478270106107E-05
  6.799999999999992E+00   1.592908656685720E+00   5.516244246391995E-04   3.042895058585279E-05
  6.899999999999991E+00   1.624351776052554E+00   5.151419961180634E-04   2.653712761645028E-05
  6.999999999999991E+00   1.654523602694921E+00   4.792670511726059E-04   2.296969063396853E-05
  7.099999999999991E+00   1.683349108675044E+00   4.440288731458760E-04   1.971616401871964E-05
  7.199999999999990E+00   1.710755685603118E+00   4.094547076059111E-04   1.676531575806422E-05
  7.299999999999990E+00   1.736673305146877E+00   3.755696637412498E-04   1.410525723227154E-05
  7.399999999999990E+00   1.761034661360422E+00   3.423966325959891E-04   1.172354540130727E-05
  7.499999999999989E+00   1.783775294255914E+00   3.099562233387045E-04   9.607286038639284E-06
  7.599999999999989E+00   1.804833694297384E+00   2.782667184010913E-04   7.743236656971226E-06
  7.699999999999989E+00   1.824151387752083E+00   2.473440479411992E-04   6.117907805193824E-06
  7.799999999999988E+00   1.841673003084866E+00   2.172017836966031E-04   4.717661484098597E-06
  7.899999999999988E+00   1.857346318818613E+00   1.878511519089676E-04   3.528805527352600E-06
  7.999999999999988E+00   1.871122293503040E+00   1.593010646367681E-04   2.537682919440776E-06
  8.099999999999987E+00   1.882955078630572E+00   1.315581684396540E-04   1.730755168319636E-06
  8.199999999999987E+00   1.892802015507400E+00   1.046269091263025E-04   1.094679011332357E-06
  8.299999999999986E+00   1.900623617227833E+00   7.850961101547589E-05   6.163759021801334E-07
  8.399999999999986E+00   1.906383537009058E+00   5.320656897250079E-05   2.830938981825484E-07
  8.499999999999986E+00   1.910048524221054E+00   2.871615135298986E-05   8.246173485278212E-08
  8.599999999999985E+00   1.911588369493432E+00   5.034911912104280E-06   2.535033796264957E-09
 # Radius of star =   8.6216292721606482     
 # Mass of star =   1.9332176416540954     
